1473 8057
320 9268
2900 5326
6273 3044
3739 2846
5676 159
3307 1401
9006 7521
9605 4566
6262 6532
2416 4505
7500 614
2832 2945
2610 2206
497 5559
3629 8481
9069 8090
2686 4814
4463 1275
1778 6868
8369 6314
3281 8203
176 4642
5336 5451
4061 4658
8128 4892
2725 3719
4562 8260
8122 7612
6819 794
1868 7753
2097 7491
4838 4084
5764 2912
9060 5680
5048 3746
4933 3023
7940 3359
8844 5872
6848 3322
337 1017
5155 7073
4977 4544
876 1826
7309 1039
1414 4334
608 6432
6037 6519
2406 1661
6291 4894
1977 1257
1050 4314
7202 5524
5225 2501
2050 2567
9467 9360
246 2183
2441 2537
8401 6330
4501 554
2040 6188
9503 3877
4268 374
3367 4210
4995 9052
6064 6029
1396 3007
3989 1188
9695 3979
3882 7546
313 69
7122 2284
8011 9238
2976 6040
7778 4988
8837 2191
9673 1260
8422 9031
7098 5658
2606 3470
8010 8956
7548 8608
2178 1339
999 5217
6673 8466
1685 9278
3168 2759
2799 7973
5562 5205
5213 4344
8545 5553
10 1033
867 1799
8438 7798
470 2607
2881 3530
3722 4952
8020 1934
7868 3474
3007 692
5605 8516
1729 1270
7611 5486
4526 3679
4195 6539
9423 2423
1487 5121
7915 8498
2177 4413
7038 7957
68 841
8851 5826
206 2483
7497 4332
611 7224
558 3695
9159 5102
8146 9427
72 1753
9313 3618
7871 1108
8698 9317
5790 6255
806 1619
2796 8676
6036 2917
4454 6609
7543 4864
2952 9370
1441 8760
8434 5586
3510 869
396 4225
692 2950
9218 5711
2101 2574
4197 8629
2622 8677
7508 3826
3985 8280
3297 5618
5900 712
5209 6720
2909 8858
6582 7634
6276 8133
4901 8634
6721 8158
6494 1347
8070 8784
1641 448
6365 8421
7694 7866
1421 1247
1186 2052
7283 6701
8151 7749
6961 8394
926 1697
1622 5923
448 3945
5570 2368
8640 2225
3257 3990
5910 5517
3372 2243
9588 4141
2355 1983
7547 2216
251 7668
5220 1569
8634 8087
1796 2858
7262 5733
7100 4703
6394 5318
9473 4134
4499 9098
4852 1065
1564 4678
8351 4093
6101 9165
1388 4918
4221 5324
3392 185
31 509
5765 1944
1156 4601
2497 198
6885 4248
3826 5663
1126 843
8550 6149
7896 1919
2696 2007
5265 7314
1784 7806
2434 90
3514 894
7385 1062
1432 7184
8853 3166
5443 1977
2001 544
787 4086
8391 5543
7171 7639
5144 7930
1280 879
5219 7259
4240 8979
1048 864
6339 5067
3807 7719
1477 7124
1324 182
3131 6915
7779 5492
3060 3374
6373 8045
5584 9294
6395 3114
6429 6090
6476 6163
5266 7369
2506 4916
7734 6144
7258 3884
1196 1808
5139 7011
6180 9387
8342 2663
6580 2085
7276 7803
7109 6452
8848 2174
6934 1468
9297 8845
8856 1822
3155 7560
6661 3483
3488 5781
1027 6917
6873 8671
2399 4794
4550 5951
2119 1787
9497 799
9645 5337
5191 7961
8739 6913
4000 2168
1835 5083
3947 8932
5362 4673
8188 5625
5806 2800
7116 238
1901 1471
2588 2099
4494 4151
3844 7657
8365 7016
5081 8922
768 2865
5045 4546
9055 1067
3917 6831
3097 4191
7945 6152
6042 8793
5177 7832
1906 491
4012 3936
7464 4294
8176 1015
5838 6328
3679 1527
493 4316
1447 7361
9143 1635
4176 5303
1541 7857
8068 4228
5513 8835
5776 7955
1757 7635
509 1417
7498 1968
1 108
925 82
323 3775
5975 9446
8559 4529
3042 3194
2816 3928
2424 1082
8133 5968
6967 8900
4822 4206
8390 4561
7585 4272
3748 2376
5890 3904
694 9352
1146 89
3420 3450
947 1389
1577 166
4979 6812
4521 4447
9181 4506
1028 5177
3394 3331
8560 4919
4727 5084
9303 5194
2887 4309
4327 4578
1057 8724
8462 8306
6115 6692
8986 7434
3134 2514
7832 4665
807 1477
3294 739
5110 8983
5124 2392
1411 4435
4551 356
660 5479
9269 9134
859 2670
4819 2279
7491 7357
6324 2848
1423 708
7632 6364
2981 5400
8370 9287
6311 1553
2261 7651
27 971
2491 8250
2139 5682
6875 3476
8118 7468
4857 4827
9024 379
622 4256
953 1385
8887 8901
9677 3778
273 290
5685 3634
1553 636
349 9102
5696 6114
584 3318
642 2491
4258 7799
4391 6670
2042 3536
6177 8545
4433 7409
8662 2524
3405 7987
5096 8791
8690 4275
4801 5296
5992 243
4318 4721
9546 5700
2339 8224
1623 1141
4266 7426
4307 2693
2071 1300
6896 7777
6063 9082
2016 776
6725 2836
2975 4029
4716 4548
2108 2471
6537 8458
3215 5264
6988 350
3180 6910
8796 7680
883 2531
2897 6759
6295 2496
1383 2155
4542 7450
3942 2210
2180 3905
5412 9474
8455 5798
7674 732
3625 7095
5168 1374
6135 3260
7243 8340
4986 3514
9090 6078
8244 7266
2392 6622
9482 4495
4235 6507
869 3615
1558 2612
9443 486
2442 6728
7332 6828
4334 7975
1779 5565
7985 6316
4625 3834
6957 9489
6000 3862
1031 4200
8072 6284
6029 7320
4793 8129
6856 4995
529 4998
7830 8694
8569 3242
6917 1057
9397 9218
6823 8385
6772 4285
5530 3858
8500 8004
6765 1060
8144 9450
4826 811
8859 7222
3025 1953
2922 2111
4134 5298
4366 5317
1965 5551
9278 3353
8048 3664
5628 1889
7428 8464
8668 3370
7318 4322
3493 7837
7294 5726
4796 2671
6354 5428
2045 6766
5455 1255
5873 9123
5980 8144
930 877
2112 2120
763 6204
7097 3995
908 9353
6173 6642
341 858
6968 6663
5044 5144
13 2976
5867 3233
2070 6731
1127 7463
8445 8049
7577 3957
6317 6490
6513 5376
5974 827
7091 2135
3707 2932
9038 8828
6378 3452
9369 277
4406 7202
2470 6725
6293 1736
1654 7099
3093 9411
1165 342
7007 8982
8187 8188
5016 3975
4421 8887
3828 7395
3661 3922
4876 3139
7947 2056
3858 488
4025 3881
2571 6624
6941 3749
9471 5206
2280 8425
1580 622
439 4374
8941 5295
6458 5605
8980 460
2783 7514
4706 4927
3464 2510
4273 8732
889 1560
6157 7912
8103 8562
4389 1519
1609 2101
7865 5689
5422 5600
7195 4502
401 504
713 959
5754 4326
2234 1149
8551 8231
7266 7914
978 4883
4112 7116
5775 6732
21 3609
6624 4717
6995 6070
7679 9475
8302 9092
9248 847
51 5554
8180 8800
408 7644
837 1838
8102 9241
8100 5646
1445 1800
8333 4514
353 2464
2445 4771
7041 7446
7303 6874
9214 6767
5844 319
2750 1761
3637 555
960 1988
4805 2577
8404 3486
9590 5029
2448 7845
8423 5076
9338 8798
3291 9251
8613 4088
3729 5149
5360 8759
3500 7456
7802 815
1189 3337
1957 6529
836 5936
3870 3250
5376 7833
2422 8823
726 91
8637 4513
5682 3268
5694 1407
290 327
7120 7913
490 318
3764 1412
7102 9402
2891 312
4142 2033
2813 6902
3171 2156
4820 135
8168 8699
1805 6192
5688 9002
3529 4418
6876 7986
8795 3319
2708 8455
833 9340
5868 5617
4400 7994
804 4030
1105 1605
5548 4778
5340 6437
4291 3578
6839 247
9309 7905
8018 8614
3967 7900
6140 8508
3351 2488
443 25
4224 7499
343 443
1859 5698
8882 2807
8756 7571
2386 4091
5154 6436
4453 6806
7943 9202
3697 5334
7317 3739
8602 1543
1148 704
3688 6700
5260 2579
9384 4722
8230 2344
1190 2381
2088 5090
3796 3018
102 523
7724 9156
7297 3784
3987 1586
5631 3199
1465 1843
5995 5405
3241 3446
9517 2280
7089 8803
2844 5159
5795 4540
3384 6075
9099 3160
3775 6805
7655 8941
5962 5300
2011 177
1375 9233
2472 153
1620 1446
5445 4002
3760 3261
8639 8409
8802 2633
1355 3665
9552 4167
6254 6639
4520 8343
3868 5930
9118 435
526 4629
6416 7619
7866 5506
6132 5665
3522 9061
4932 5692
5532 1576
235 28
1658 4885
9561 9254
227 2788
4441 1091
3305 2556
1515 70
478 4261
6225 5879
8938 4318
2720 6292
8929 9173
7021 4585
6425 5154
920 1061
9157 3859
635 4989
6709 4828
1574 5059
5036 4404
9093 6350
1829 2645
1320 3950
7384 6129
3458 6220
4023 548
6019 7318
2118 7780
666 2688
8105 7690
7170 7214
2532 9076
8159 9374
7369 1391
7800 9486
4757 560
479 4317
6656 2198
2260 2182
9563 4746
3045 6462
8567 6435
4902 8152
8783 6211
8771 8120
5198 4371
7857 7620
3010 7428
3511 4520
1463 6244
4889 7034
6015 4869
2838 6166
5285 1941
3310 1783
9530 1923
7401 6818
6655 4562
6085 6779
2650 6096
3916 4476
7656 9001
8393 7305
1253 2999
3956 4382
7231 8596
7328 7405
1043 5821
714 1409
230 3231
30 3801
8054 6495
8890 6644
4531 5816
2843 3332
4682 4100
7281 1139
958 848
4854 3349
7367 9168
6773 6373
6024 8749
662 8876
7198 9436
1756 2455
5556 2129
5654 6299
7923 5890
6649 1100
2780 7610
4243 65
6146 6412
8864 1602
9007 6396
9139 2522
1600 3515
2436 954
4755 9177
9516 5409
1773 2513
5923 3288
1785 2063
9519 8700
1261 1747
755 3049
7101 4849
9456 7839
6571 5138
3878 8949
3451 2923
8843 872
1094 3558
1508 6324
379 3449
2661 6221
7270 7089
9246 7648
6820 9481
5418 8392
4039 6325
2168 667
7300 927
3082 2585
9496 7358
2920 8151
7304 1886
2581 8406
5375 1003
8600 6550
18 214
1322 7802
507 5508
2728 1895
7687 4949
8868 4399
2601 2359
6181 9245
9330 6185
1825 684
977 2656
3727 6733
1512 933
7829 4867
3596 6514
2958 5053
5026 1831
9429 464
2833 1828
8763 7530
6490 6442
4639 574
1995 1659
125 4689
8409 8234
2286 3186
5339 9131
4118 3009
9373 2642
6863 9272
956 3847
8430 9006
5830 2003
339 1485
2648 1354
3806 3328
841 1103
115 5007
151 8457
4021 6308
2775 8813
2552 934
2324 8584
1601 485
2104 4667
7105 567
2205 4747
2849 8987
937 3102
997 2288
5400 8360
5564 2849
778 4064
6671 8328
182 851
6040 1025
9232 1699
5208 6901
8621 3630
7378 3142
3859 4732
3969 6657
4345 4376
1686 2304
6108 2966
7069 4917
7933 6834
7016 3060
7208 5574
6235 5542
4228 8679
5531 6447
9341 6368
5197 1913
9190 5763
6030 1172
3781 1774
4051 155
8087 7562
2423 5256
578 4857
8224 6557
6564 6938
8527 8640
4851 3034
3029 502
5929 2899
5090 1133
2854 2139
3986 1834
7716 5082
5284 3222
2714 8230
3412 5734
428 344
109 5624
4899 8961
8635 5306
5943 9141
3867 1518
4508 469
5069 1545
6539 60
3724 4146
7476 1210
827 1714
3902 3403
4347 14
1233 4752
4126 3180
5202 5473
8307 3020
9135 7991
6302 5831
1468 1262
4267 3807
5820 9469
8694 3526
9101 6398
6447 2803
1551 1637
8058 1916
5419 3210
4829 7488
3506 1884
7982 3072
8687 3757
6685 8349
5707 4528
9287 6266
6686 8085
5645 4229
7259 8613
4251 6167
5456 1361
3336 2176
123 8346
5294 9315
9495 8661
7126 4517
6437 3525
6502 3639
858 4568
2619 3798
6230 2661
3003 5048
7063 8959
878 7349
6914 6825
1004 8856
5156 5132
9536 7568
1264 2930
445 9461
6802 2466
4510 4572
4847 4595
2306 8271
5769 6076
2504 6246
2564 4503
3524 5359
5835 6926
5295 7105
9275 7382
3499 1631
6800 6415
3667 8462
3696 2737
720 5803
995 1609
6449 6018
8529 9109
5440 1975
5799 6688
1827 5695
7420 5671
4635 3531
1794 2247
2032 7678
9100 1841
8888 4111
5716 8753
2960 2880
3612 8114
1594 4764
8270 8093
2691 8675
4931 1202
1720 4876
1304 9373
9079 2707
1494 7811
1471 8214
9272 8202
5008 9032
3861 163
879 349
237 3188
2715 3810
3259 4723
8039 5181
1745 3084
1583 5052
4828 3393
8516 2315
7740 6089
7888 7876
1323 3187
8522 6666
126 12
3747 248
5738 7284
1983 790
7526 2473
9410 7752
1595 931
2368 1529
6981 8517
4377 6784
1347 5739
9322 6257
5747 8577
1502 3330
4573 3071
5746 6517
6899 4230
9372 3600
1427 2724
3621 7216
9686 1796
7215 6655
3819 2419
5307 8711
8689 5664
4621 7199
231 1962
4584 110
5255 970
6483 2916
9284 7103
2031 7387
3292 6566
2756 4090
2293 1384
9271 7626
8524 3548
298 229
4262 2162
1384 1116
7909 6271
2499 4496
3312 9479
846 995
4420 2773
1457 5591
4331 768
6759 5471
2855 4059
1606 978
5861 6377
16 5435
1410 6664
6125 2317
516 392
1884 4563
3665 6147
4468 5861
1640 3165
4719 4866
7284 9266
5300 7790
2502 6590
3342 5736
1853 3929
7193 5151
2602 5358
1244 867
7709 5088
7820 885
2321 4008
3673 325
8790 4792
6282 8490
6827 3730
5535 196
5881 3813
2892 9219
482 5417
3530 3236
54 178
1739 1080
2157 3901
1392 5360
7582 6749
2138 3816
6644 6001
219 1862
2034 140
6597 7757
5811 7322
8183 7283
7717 6791
2229 2276
5960 4094
3477 7524
3002 2546
9058 1264
184 903
7962 1877
8406 1729
8170 4754
3550 7154
9619 8779
4855 4117
9465 5589
3765 1125
4603 5123
4651 7672
9459 8909
3672 7831
90 3045
1886 7087
6360 406
2174 5747
4575 2434
647 8319
533 6194
1938 8708
9627 4587
6542 6045
6004 1528
5118 5519
6736 1888
6543 1345
3633 2054
6161 4510
292 2071
3653 4576
7138 4212
8299 2086
3083 3339
1590 6005
9694 4600
6356 200
7423 7490
1470 4824
1311 8898
965 73
5103 2801
4442 7442
9532 2454
6692 9149
4926 4625
9355 1428
2357 6826
4577 6421
5998 6375
9553 3082
181 1117
8044 642
1416 7856
4660 1852
3684 3961
3846 4992
7988 3217
3682 3133
4858 1814
4120 8831
5653 1915
2048 6597
8213 5319
8829 8478
7998 5945
8754 3026
8633 9456
3652 627
4976 5679
3536 9440
891 4128
1163 475
64 2291
3576 3413
9550 7911
4677 8635
458 1451
2652 4556
2281 43
6940 4707
8306 5725
7293 7169
7602 948
6482 9454
4530 3412
2276 6369
3558 5915
8480 2995
3490 5601
4680 2369
8329 6469
6310 3315
4720 1097
7207 8809
450 1273
1604 6959
2512 1229
2583 1627
5791 645
3186 7083
5568 8748
4324 1170
7797 4863
6788 7814
1611 7137
9603 3241
5730 8511
5325 514
9228 7339
457 3030
2806 4999
4574 1506
2041 2335
3745 7775
2569 5160
1615 4616
5664 4944
932 3171
3216 5515
5698 2820
8842 7403
3812 481
5552 3351
8707 2305
8249 8345
5759 9492
8396 5407
6431 7577
6165 4715
2107 3258
8364 9441
849 6661
9202 7985
4365 2939
9412 1358
1836 594
6122 6573
1777 3357
220 5449
631 7481
5384 7394
3333 8100
2105 715
6436 3297
6313 2814
137 364
309 609
8432 3997
6285 5446
200 6323
1314 13
8718 7098
6625 5530
7534 7212
4287 8448
241 6067
840 613
6473 1963
1801 3443
3363 823
5989 5644
4429 7368
8428 6914
2080 8892
536 1989
4788 9204
9223 2167
8336 6158
2116 7569
5750 4498
7199 7051
9210 363
7553 3713
6562 1866
3145 2408
5689 5708
7796 4489
7791 8146
136 2050
7402 7401
2835 8810
3091 4535
1702 4592
6602 5012
8378 5891
2244 1397
4622 7897
6665 5135
55 5645
5321 8449
1727 7826
5536 3145
821 2838
5742 2334
1276 118
2597 582
9274 8108
3926 9366
8451 4239
4312 6186
5732 3427
6102 6789
7833 2201
4427 1461
7619 3825
236 289
7124 6289
5920 1615
658 8785
8026 9192
5837 6559
2561 4368
8766 5723
9237 5876
2811 3577
9711 8441
8996 8300
3174 4553
4044 717
1008 7416
3486 1177
6892 2652
6836 9419
8681 6425
8454 6681
4991 267
1329 4398
131 8235
7260 5595
9047 8477
8666 4622
4982 521
2749 3911
3897 8355
4295 8384
2000 5979
3704 2350
6047 690
3636 1284
4600 2257
9475 955
1005 9412
2689 1584
1405 1700
3225 2617
3478 3396
966 3099
4416 4431
1192 5085
3142 3497
2302 7417
7870 88
974 7359
7672 4647
6589 3533
4768 6894
8686 5436
4673 1788
5216 1551
4137 4198
3162 5396
8004 8706
2356 168
8650 5173
3850 408
7471 5275
3647 4016
9370 5528
306 5424
4055 36
7349 4270
3019 5533
5701 5042
3577 5133
9126 6840
3875 2006
7615 7853
2335 4150
2626 7700
1617 7703
1748 6738
3715 905
3886 7012
6212 3279
6240 3760
5123 7679
1881 1464
1550 2908
7050 4530
7762 8719
6462 7043
1797 4816
3445 1311
816 2024
9385 8052
2861 1727
1456 1564
4598 8552
2828 3766
888 6313
98 218
7036 6987
1822 6461
244 1861
8778 5017
6826 1422
5813 5924
6756 4203
3589 7004
8453 4067
9447 3587
2172 8091
9196 5050
3177 8041
146 5075
4497 2816
1450 3100
9354 1865
4588 7237
3443 2117
8411 8632
8328 980
7352 7138
8881 4558
7509 4011
8061 4683
2540 839
6771 2082
6814 2831
8595 223
7974 4356
863 756
8463 2325
4428 6234
7950 5741
985 5262
4784 7351
3750 1086
4821 1649
2993 7050
8845 6518
525 5527
1832 675
6435 4966
1221 4980
3065 8977
3031 6281
3207 199
8417 3122
8758 3006
4187 9303
6023 2776
7576 4745
6372 5638
1144 1239
4565 5204
8745 4454
1781 1856
3053 8422
4395 8709
9363 8742
6055 4550
9291 8310
7993 5761
8972 2861
9365 9069
6901 3638
8877 2828
9209 1607
9445 9326
2874 1281
5629 5925
4764 6533
89 7082
5447 7304
5538 5097
7026 7348
4910 6730
2974 8670
2804 8762
7226 9273
1764 7809
9480 2374
8397 673
8579 6174
7595 1867
6623 5370
7077 1717
2955 4974
9555 9313
7239 8493
9514 7069
9301 4298
2895 5884
6218 5748
5496 4351
2179 3887
9380 7110
998 1674
4831 8467
4439 4538
5415 5512
1951 9246
7481 8658
3360 1348
9044 781
413 2406
4971 5791
3323 2194
6560 262
2627 2462
6508 245
5297 5564
1152 3213
3190 3597
6451 9158
6179 489
613 9083
7453 6574
3463 6487
5965 7934
5607 3947
2018 3580
52 607
81 2416
7274 8301
2145 2261
2752 9024
1227 5244
8722 956
1312 3823
4199 2603
4285 1001
4739 1404
4459 1049
5955 2113
7224 4218
6919 3016
9693 8002
468 6
6461 9237
2747 1598
1275 8293
260 7333
8379 4902
1198 1159
851 530
3017 3004
7899 6002
4328 8857
9212 7861
2658 5368
8123 7396
103 1152
334 5199
389 6135
9580 7452
4211 6243
7633 7076
3780 2719
5858 6626
8448 4290
4707 4475
8450 8605
2883 4531
97 1947
8420 1608
9324 7927
1986 7022
6698 5999
6091 5419
6787 8099
4863 6971
1084 209
6851 2227
8993 3663
2301 5476
66 5056
8264 4743
4748 7693
7 2590
6292 7516
2067 4352
4483 8350
1344 4448
1948 4619
3430 3874
8926 8963
6073 3883
2166 923
8654 4725
8699 8669
3164 4833
1343 4738
6475 9015
6171 2405
719 2066
4038 759
4905 512
4980 4273
2738 8155
3881 7666
4299 9327
1645 1555
4533 6468
3371 808
3616 1458
3380 2345
3212 2956
6844 8038
488 30
1236 68
3356 5140
6150 8741
3611 698
2595 234
1915 4590
4178 537
1290 3161
1295 2872
753 1388
1726 1693
2877 7312
3376 6392
3373 1192
4529 8619
6351 1476
5190 5186
494 2704
2374 9388
1092 1801
1840 4690
44 2892
4611 5072
8916 5668
5691 3633
4003 61
3040 5944
8889 6643
9468 2702
2485 7039
4444 994
7228 1749
4777 3583
4437 5401
6888 6635
4596 1668
4568 2782
1900 7899
8052 7020
3448 5885
5526 6858
5833 837
7049 3024
1632 3091
5162 1821
1708 4649
7934 333
6381 8289
2667 6773
616 2025
6246 3431
6474 8222
8904 1372
62 1208
991 2713
5084 8871
1247 4541
1136 4076
9540 9309
1907 4516
329 9081
9387 9145
5112 634
4512 5201
3608 3839
3785 7998
8715 4928
8952 5611
6956 7586
243 2506
7230 4353
2143 190
5451 8830
5137 1494
4170 7674
6371 3628
1376 7079
7292 7828
2319 8692
2934 846
3344 7306
3938 173
9484 1692
6592 6946
8373 7608
7825 8379
3262 3367
188 74
8869 3727
2865 8470
5233 4222
2453 4142
7579 8076
3205 4461
4771 205
4875 2842
6415 6164
2896 3898
2751 1002
4129 2014
6347 3875
8555 5703
9607 6753
3952 6888
4075 1733
5151 7444
5421 4682
169 7200
5512 9371
7039 5379
9039 6031
2130 1776
4944 5063
8601 1812
1834 3105
8787 4168
6932 3141
6147 8936
5883 562
9347 5811
3322 999
1245 5093
1348 2708
4390 9385
8723 2326
5966 4193
1231 6957
7592 9403
520 1271
7327 7637
7766 8390
7780 8567
1588 5254
6674 4763
6167 1703
8607 7470
7010 1453
6745 3528
1062 5338
2036 6103
2767 9183
749 4790
6891 7787
5350 3263
4281 7761
7874 1917
7127 3040
8775 4035
1765 4859
5163 9105
3153 5230
1205 5770
5748 7933
3149 3852
3098 2626
192 7721
4489 4231
1332 1160
4906 9261
8271 8526
5990 5883
1607 600
4517 6449
3332 8924
1525 3293
5111 6193
5927 9086
9414 3343
3041 1846
7088 8139
245 4922
208 4331
8382 6865
5433 2864
5843 1785
6199 8465
2447 2668
9252 686
1718 266
5662 7687
8204 9418
7650 4804
9086 6454
6804 6625
86 5055
6817 8782
7441 4417
5349 6510
1554 1037
1175 1585
527 7918
9569 5779
3471 6380
9089 6063
1650 2146
6327 3673
5634 8911
1370 8056
4320 8829
6503 1927
5148 3182
7819 9497
6687 7439
6889 1475
1003 8054
9193 7553
6164 8044
6427 8561
9674 8758
9444 9386
8079 1509
2712 3402
7059 5632
6782 3987
1155 2636
9243 769
4718 5174
4425 5684
6137 7384
5895 6335
667 6990
4619 92
671 4380
3058 5091
9288 9058
7949 2742
4737 1285
8067 9368
4149 4657
4172 7902
5483 8999
5033 1235
9124 1267
4048 9343
6999 1990
2790 5928
2241 5336
8235 8841
8744 105
2884 3267
4591 4129
9040 7956
2207 8290
3304 7174
8199 6359
6221 451
9170 5022
5247 6332
2144 1552
5193 8253
6904 2353
7398 9286
5237 149
8680 2817
4675 1925
6749 9121
3975 2739
4084 984
7131 6877
6094 5856
886 535
9464 5828
7068 8968
954 5520
5936 7211
5227 3832
6565 4787
5056 8761
4648 3047
6600 6265
7785 2011
8883 5487
1989 7595
3258 4931
4922 6859
8148 6108
8860 1577
4087 1187
3990 4847
4504 4220
378 1790
7054 7882
3417 7846
3588 6830
5277 4702
1115 5744
7705 6341
2803 1845
9703 4626
2558 8297
7737 2974
3542 2218
8145 7791
7333 8491
8222 5756
6758 6892
4948 8386
2295 5976
1675 8451
6012 1964
1703 4681
3159 4806
5314 8636
3733 2037
8697 8747
7771 2965
2653 6134
2631 8868
7877 5195
1888 3902
5452 6399
5115 298
577 3849
3606 6485
9485 6379
4544 5241
9600 9164
2989 2102
5582 9014
2038 6955
4105 3676
6604 8714
567 4924
8903 3643
2296 9509
5624 7534
1905 1748
3247 3125
687 8298
1352 64
5845 4760
2358 5357
7433 6682
3243 9476
3151 5547
2722 1486
8290 9449
8037 4348
1976 3305
5087 6376
6245 606
9095 4581
5619 3993
8510 4698
1856 2081
8536 1013
2255 2475
7544 7345
4759 7483
2249 5384
5051 929
7831 5465
8078 6372
6626 5782
6918 7567
8314 1603
8961 5009
3144 6416
7789 6395
7377 7144
39 2341
5880 8061
3300 8272
3222 7863
6679 1292
1987 2789
1808 3287
5133 6939
1760 2649
9348 6409
5885 7147
5434 1332
1110 148
2733 603
5948 5466
7822 7875
8082 8419
9325 3068
3470 8642
4532 7119
6469 8998
393 1478
7730 730
1552 5
8577 359
514 8362
3680 4455
1871 5280
1139 5621
3784 4929
2671 3926
3447 9054
7917 9176
7432 474
5178 8121
1091 3829
5343 1979
7153 3447
4887 385
6041 9097
1346 3655
3264 7235
6519 3977
669 2266
6955 8691
159 3647
8841 7201
6923 4756
2073 2172
7861 6482
7863 2426
4184 836
1181 5707
3250 4978
110 3042
1909 5284
207 1092
6152 83
142 391
3978 6887
931 580
752 2859
2 1318
3656 9375
2014 7825
9451 4208
1073 525
4383 6127
5420 2310
6375 8923
5271 7225
289 526
5780 1146
8489 2694
3935 1335
6964 8838
3059 1940
6480 4865
5031 6252
2693 8926
9400 8737
645 1966
4056 2
5278 8904
2129 5815
6726 3791
5089 139
5622 2193
2132 3809
2337 780
808 8262
5061 2584
3903 3144
3896 2136
2859 1213
6735 7415
1449 467
4236 3540
5281 4428
3077 5273
8586 3173
5703 5772
6175 8284
6159 2372
5021 101
2312 6210
8081 5830
3227 6256
6534 9213
211 1219
1401 9314
8337 5920
8947 7670
194 8402
6699 4712
5517 9350
1934 9047
5851 6781
101 3783
9115 3075
4191 7962
4166 5115
2010 5805
7955 6790
7004 330
7052 263
8760 2023
4626 4588
5264 4043
1151 968
3220 5801
2400 2839
2612 1880
968 558
6471 1043
4264 966
438 4279
7685 7031
2534 2664
8384 7193
5290 3272
8808 5659
7588 4108
9616 4696
4300 6776
4929 373
2093 3756
3770 8089
6043 114
7095 7338
8403 1336
1668 2324
8985 3126
2198 9146
2864 8127
7882 9106
4 3914
4277 5283
2721 1976
741 4119
7413 7023
1426 3345
3198 278
1533 6082
7636 7226
521 186
2766 604
8656 7263
3100 8543
591 3956
3335 8720
8338 8244
898 3646
7073 6302
4735 3178
9054 3529
4963 4818
6866 3441
9016 6741
9340 7372
7493 3958
1331 6847
7056 403
3573 144
6187 7925
1187 1469
8544 7180
2831 3998
6156 5580
434 96
8211 8014
7002 4843
3255 3162
6530 1900
810 6792
6691 9332
7964 4036
6080 1524
6025 5777
6890 7140
5778 7506
5839 3147
1570 4768
5528 3317
3997 3949
3385 5001
911 6703
4790 6671
4141 2806
395 4948
3620 2964
6260 884
6574 1303
5416 8299
8343 7688
29 2414
7374 6389
5572 6258
7009 4472
2410 4823
5934 6762
4447 346
4882 2589
9622 3670
6145 6417
3730 7188
2152 5175
1044 3693
1817 8436
7431 4233
3343 3094
5088 5516
3414 7919
8439 7151
5663 1623
3120 3324
1846 3983
6318 4604
6549 960
4985 3479
7341 4068
9233 2526
8959 7600
5613 5964
2591 883
5644 725
8386 5253
7192 1583
1893 2721
414 3096
1642 3259
3104 1567
2936 7770
124 1009
8874 7522
6831 5047
6942 5812
5368 3118
330 4841
5942 2628
2709 5351
8296 4381
1147 6318
5241 3917
5228 6336
4647 1959
1251 4252
1724 4749
2578 1765
5240 208
955 2550
4213 8107
3238 4152
1109 3300
1877 4808
9266 5344
1562 40
902 9503
436 8890
8512 2115
6333 8993
7055 3111
2826 4774
2354 2097
3452 7732
5053 3010
8499 7850
4325 7822
629 7218
5930 857
7891 7932
9507 2573
2254 7070
2454 3616
1949 7759
5922 3444
6103 5395
4945 8036
3138 4786
3476 6537
8135 4051
2812 975
817 2395
4301 546
4959 8484
8323 9020
9049 8980
7083 3394
2966 9055
6013 8617
2159 4346
4900 620
1758 2361
2772 3113
161 1781
1041 8000
2611 716
8074 8920
3613 595
1191 146
7601 1406
2676 9126
427 321
786 132
9305 733
2113 8864
8131 2845
423 2438
5354 7733
8281 7472
4343 3560
6326 230
7559 9217
5013 4357
6250 1638
4367 3779
9435 1811
92 2047
5808 9389
7165 1721
6939 9114
2938 8404
8674 5639
654 1359
569 347
7238 7924
4528 462
906 2296
6148 2925
8136 8011
5275 1322
1009 5767
5708 3567
1350 1573
5621 900
4685 6340
486 8095
4201 3061
2364 5681
113 2874
4163 8918
8759 7531
2815 8023
2542 2151
4227 565
2242 1580
882 1
7702 6534
9286 5888
8267 7671
4539 7285
6128 3743
1277 6011
5322 2667
3244 5416
8810 5020
3275 5550
799 3015
7123 8279
5059 4075
8850 7959
7079 5301
456 2114
8714 7776
6815 6978
91 7972
6742 7026
1698 1403
9290 8667
8688 4557
335 162
4422 9071
6809 5704
6584 6295
7064 368
735 9285
7269 1670
1867 2595
1862 4102
5800 6560
9239 8981
1404 1632
3698 655
9145 6176
5515 2161
2033 1020
1399 3404
2128 3493
5569 3808
7862 8678
1130 937
1235 3723
1771 9500
6828 9321
8154 7288
1680 8321
5476 3022
4314 49
2375 8756
8580 7592
2458 2944
2026 8327
2847 240
7173 3802
2035 2826
1067 3321
9258 1259
386 100
700 4832
2888 128
324 337
4239 3622
1593 4177
6681 5393
3117 5978
2388 9329
5428 4473
358 418
1634 2370
3560 9033
8283 4241
7719 7835
8653 4509
1140 6679
9198 3906
3075 1537
9381 1600
1297 770
8033 1658
1769 5912
8508 1387
1035 4022
8703 4197
5396 6309
7852 8307
8556 3148
7179 8424
9712 4630
2460 6716
5954 3426
900 2297
8278 3588
7037 2075
7893 244
6484 9215
9428 3039
1074 294
3602 6245
4388 9234
7379 7088
2842 997
5945 6470
9644 2220
7966 8921
8028 977
1168 2893
8492 3892
8901 4037
7856 3593
2737 3274
7094 7739
3520 2711
149 4499
5892 8559
1002 9013
2633 476
3118 2991
7591 4860
1744 2883
3461 7217
7324 5696
5127 8051
4505 6180
7457 724
742 6935
531 7347
9407 7607
9216 6598
9624 8549
7667 2703
6790 362
5697 4038
8036 7474
6860 3055
5976 734
813 7340
643 4947
5353 7573
4580 4501
8001 6536
915 9281
2710 7030
9666 3681
5893 4009
6986 4653
2142 6698
9499 1386
8942 874
6697 2196
1587 1939
3015 5390
2185 981
9326 913
4229 4044
7736 8713
5683 3511
3482 2837
6792 7469
4189 6855
5022 9140
4950 5737
1661 239
3666 5817
5601 4453
6338 6327
4913 7005
1183 1669
4450 299
8490 5425
7712 8592
4912 8799
4491 7682
17 8930
2939 9428
4723 5499
1992 7686
9523 5765
6805 5511
73 499
2886 5031
2973 2867
9075 9243
5222 7642
6581 6443
1873 3662
9001 3822
2529 111
3395 2942
2673 3382
8441 6882
3627 2564
8459 8665
2575 5225
7048 2666
7075 893
6594 4140
6107 8807
3915 8453
6307 423
1704 6083
4354 2098
4582 2420
2492 7075
5003 8811
5985 4812
3898 3350
1182 992
9700 7145
3233 5749
3909 9171
9705 8544
397 2430
5037 1317
3709 5238
5656 8555
880 2130
446 1511
1599 1113
2586 4965
6614 5818
2215 2093
6423 3143
8684 3584
1159 6148
2012 5738
7612 5880
4795 1131
8200 1891
5429 8780
8983 334
7549 9056
9386 9280
5695 84
2670 5799
8185 8684
8865 7155
5091 2388
8730 130
9448 3363
2331 1127
3794 5386
3293 3742
4204 8475
8721 8110
58 22
4011 5764
9231 3787
4252 6305
1366 7106
9606 5484
7513 2682
8096 1368
7156 6393
5972 8303
5739 9094
8659 7163
1281 6280
7965 6607
5120 1416
9096 5854
7205 7549
5383 6301
1855 7677
8191 3368
2326 5950
6316 5967
5246 1393
4294 8472
3161 660
8561 5070
1996 3764
1979 3239
6688 4050
8124 3724
4955 9470
3345 494
7810 6708
3925 4280
4062 3310
1597 1070
2866 3621
5713 5209
7715 2805
4877 396
5249 1410
6121 7419
7661 9231
6253 6446
7838 8943
3449 7745
6298 9074
5979 1688
2420 7737
7323 4693
3103 6267
6136 2244
1830 184
5983 4370
23 2236
8377 9150
4779 3453
4159 6555
5348 3804
5745 6829
9419 9023
696 7254
9050 7449
2590 3938
6862 1848
2333 1758
6208 5769
5404 1499
2907 1672
9260 1214
3521 632
2054 1338
3401 3291
6442 7307
2807 4736
1849 4355
4018 3235
1663 5626
7693 7716
5116 4634
4378 6601
8702 9457
3429 216
5855 4596
187 3135
1393 1218
5823 8326
6930 2119
659 4406
4884 928
3382 3915
6194 1910
2962 8827
9401 9291
1338 1591
7641 1250
9453 1981
2305 4160
4754 820
1631 6653
5524 224
6920 7167
4372 2830
5269 7168
9220 5837
2181 4740
2918 3680
7113 5210
4135 3596
4624 2714
5546 3978
3163 7323
6086 5310
8095 8318
9691 5753
1575 3397
7711 8487
4657 6275
2186 6205
4280 7552
7815 1029
304 6488
5329 5724
6099 8524
4155 6102
7555 6895
4909 4554
7860 4628
1391 8215
7096 7823
6467 8595
8643 6064
3992 3031
8811 2356
2500 4113
2125 4194
7564 8917
6478 6385
9021 6676
1636 5137
1495 5373
3038 6413
8906 8254
4710 7547
3109 1481
884 2967
5539 2850
7673 2057
8247 8382
793 7834
8304 1620
6446 3348
1032 1645
7745 9100
6314 2715
3150 2049
7827 7227
6355 8653
2387 8391
4434 174
5872 1217
1336 8439
4554 6279
4740 587
9192 2763
6465 8546
4952 2984
2269 8001
986 7164
3308 6618
8476 6491
366 432
2703 1245
5715 5942
7305 4536
2765 9041
6315 5078
557 317
7086 3074
2755 8575
1025 1557
9638 993
5777 5146
2898 1532
3641 7618
3096 9067
7251 6466
650 3436
7688 7704
1472 741
4359 4250
1734 5522
9614 2286
5947 2900
3000 2364
3541 7412
6547 7121
2914 1763
4358 6580
6733 3157
4599 453
905 5051
4928 2695
9149 1301
1705 413
2432 8704
1413 380
9640 8199
3056 4627
7651 912
1812 7742
4265 2393
8710 5806
2732 8189
7078 6342
7596 6142
5594 1906
7331 5788
4131 958
9450 7689
399 323
432 701
9056 3707
9568 4515
1266 1709
994 8494
8620 7025
78 7045
1908 9016
6653 5460
4676 8450
7649 4274
9628 1881
7786 9485
3974 5768
3971 9432
7747 7009
2839 1965
3582 9090
1892 4213
9554 5953
3107 246
3074 7842
7022 369
2008 8867
8015 3711
2457 1931
4001 2793
5469 8560
3221 7117
1019 7545
7302 1134
6329 8623
4217 8050
819 3408
3877 4646
7529 8111
4607 7454
4435 4759
6616 1764
6928 9248
2528 5615
3277 6594
1099 2502
6780 7127
7845 8148
3910 9139
3837 6500
933 4888
8779 8842
4920 2327
1161 3878
8828 7615
1108 1589
1532 5410
5160 1957
282 2432
7336 4442
5304 5552
7621 2804
4721 5313
8971 6124
3422 7646
4975 2400
5625 1918
6031 3686
1082 683
2023 306
5094 8418
8743 9296
5157 646
7197 6023
8907 4879
3885 9292
8578 7056
4637 3806
2208 5041
5390 6523
4154 6184
9676 2479
4122 5074
1530 393
6577 1795
8661 4904
7115 6783
7681 1184
1381 1885
4360 1122
9578 6156
4897 8611
5789 849
5449 3944
430 3057
923 5719
6227 5033
5847 533
3324 1914
7722 6711
469 1282
3830 2121
3210 1839
5335 6085
5289 791
1826 1664
7539 311
3668 6119
47 399
1170 8769
7265 7859
6779 6641
9251 3668
4513 4957
775 8731
2698 810
7383 5352
1614 1663
4597 8806
6620 638
196 2927
2991 5539
5941 9271
7489 4195
5935 4726
8965 4523
5286 8161
989 1395
4742 3003
3996 4890
1559 5440
9140 3362
6536 6605
6985 1550
7295 8029
2414 8989
636 3523
1107 7633
2413 2898
4146 5232
311 8058
4552 4175
5863 1248
1474 8787
7620 855
7253 3561
9508 8456
1677 4964
664 3465
7400 6463
3555 2870
1762 8274
4859 6996
3359 7711
3378 5227
1682 1596
8503 1153
8838 3128
6077 2752
1317 5191
3182 8430
7487 3257
2518 4582
4578 8288
3495 3295
4411 7720
5504 853
1262 8525
6893 669
4731 4836
7364 6248
868 1791
8816 911
3399 8570
5409 7132
6946 5608
5345 7801
7087 6591
5041 6050
6507 6157
2069 4606
3089 7466
3197 125
9505 8268
3876 6603
2294 1597
1095 4757
3944 8017
9541 6715
1498 1147
2968 2592
265 1240
5720 6919
4883 9501
3565 1630
6837 9319
7977 6240
842 1443
3154 1984
7263 4526
1681 6567
945 99
9122 3518
680 1163
6386 4350
3553 5757
928 4411
5359 3296
3431 1365
500 3273
9420 7414
6191 8518
1715 1119
3203 6551
7456 5575
1112 6094
8895 2275
3592 2951
602 5606
4185 8053
3865 3574
5665 6778
6590 2197
5598 9088
7368 4306
9028 4074
962 1162
7290 3168
1222 9162
8252 3710
7070 7773
7763 1523
3793 914
8460 1157
1953 2953
4519 9433
3421 3172
8969 6907
3049 503
5542 3941
2121 2736
2334 2591
9452 6809
8955 7952
2469 7542
7773 6371
4099 1299
1710 8240
3924 3753
492 2568
5398 194
8553 8618
7011 1305
3545 6713
9513 6994
3591 6352
2341 6273
3763 7622
4830 7269
3301 2228
9072 9021
3176 4511
3265 8573
7080 7176
9241 4930
3586 1058
2135 4779
7510 7386
5635 1114
7599 949
5498 8509
4074 1201
3505 7112
2827 2048
1034 802
7447 2294
119 4479
3833 6696
2662 4444
4357 1621
8254 2348
8153 1815
3782 8461
1234 2027
5718 4310
7777 4462
7556 2181
756 1538
6868 2068
1804 171
8195 1216
128 33
2603 2779
8624 750
61 282
4972 1423
7916 4983
2102 8378
593 9128
6387 1289
2706 2190
9583 3876
8875 9458
8791 5353
4156 5959
7225 2690
7511 5342
144 9228
4013 2877
542 2597
6002 1278
7362 1431
7907 5496
2340 2090
2969 4770
9207 4811
6420 6687
5332 1559
6636 7756
4681 7377
7430 5729
7162 6419
5230 3982
9641 8874
5331 8241
1173 2339
5620 7764
4032 950
2644 6981
4892 7960
5474 3232
2743 2386
963 233
8861 7970
455 309
5996 7949
60 8196
7060 5597
6263 3083
4350 2810
3133 3543
5577 1261
9226 3963
9041 456
5458 3278
1999 4192
2027 2802
3779 3346
385 1628
7854 9310
2250 793
3397 8908
4190 4006
5729 2340
5488 3308
6971 2133
5756 2452
8651 9482
7941 6898
1327 1418
2961 4039
6070 5329
3693 9111
7018 5236
1800 4300
797 2876
2825 249
2740 3682
5377 3391
6052 3320
1054 677
7152 5590
2155 7054
1033 8802
8525 1741
2594 2705
5924 6140
360 897
5405 3175
7689 4813
7926 7315
1335 1136
6797 375
22 133
6740 2728
4114 2634
8899 2785
7842 3920
4837 8819
524 5171
839 1684
7720 2709
2875 1489
5107 1323
2220 2245
4157 6814
9521 5497
4336 9323
1263 6431
938 2533
1291 9205
9253 8048
1417 4227
615 6191
3557 1254
8243 8600
681 8970
6526 8638
1770 6047
6751 2957
8970 2378
8675 3909
7969 2485
609 4364
1208 8258
9177 4706
5700 7819
4057 50
1373 6439
9492 2493
4595 7820
1270 2672
5939 7229
8751 3152
4192 3712
5195 2330
1842 5751
6162 4730
4993 6782
8325 9130
5661 5282
9518 506
1841 6030
4177 5705
4008 623
5751 1211
9191 8832
2216 5271
7340 5602
6352 8375
2949 5556
4139 2868
4999 4609
773 8003
5382 576
5330 5810
6243 5789
7515 5323
5494 4671
8114 2882
3402 2813
5854 5427
7967 1908
597 2109
1567 275
2748 7574
5669 2879
6516 4555
2987 5470
4412 3336
4697 3687
766 5463
3393 6822
4683 661
8530 2051
9027 9060
1875 7397
5834 4321
4049 5567
7267 709
5460 4887
5558 3565
2970 5349
5303 8541
1616 2235
7241 4412
9455 1279
7929 6073
19 824
6111 4173
3883 2747
4954 1337
4407 4302
6950 7371
1479 2495
7191 2598
7422 2258
3410 4065
7922 7741
4623 8173
3726 7917
1516 3169
7159 4232
9591 4423
9317 786
7407 7614
2515 2449
7826 8388
2419 5509
8519 8410
2298 259
4464 5328
8137 8147
6343 1480
1738 4115
3848 6610
3630 3623
2459 1283
7337 8622
4782 6795
6044 3266
5889 365
9203 974
262 549
2625 4767
1102 76
548 472
2817 4842
5038 5170
4374 736
1294 6991
5175 7525
5079 4802
5287 2492
3013 1802
7216 3358
8029 7996
155 1310
2517 4564
3660 1869
3285 7287
8031 3226
46 3292
152 1767
6232 5963
9403 8522
3413 4138
3948 7523
5104 7540
2449 5061
550 1844
2037 2643
3194 4976
2044 6278
5807 8519
8835 6850
7484 8604
5150 7758
2217 3851
6925 517
4024 572
2068 4886
3838 7328
2098 8403
5467 4708
1363 721
9169 773
5852 6133
1894 833
8780 9409
2495 8287
4242 8746
6531 8405
8897 7000
7350 4271
345 2905
2647 1053
9162 4358
6153 8707
5520 3969
3232 8325
3860 7007
4167 5018
6008 2681
1481 6141
2204 5153
1378 1434
5902 547
4288 6953
6303 7213
3509 2208
5828 8213
3483 3602
3615 2147
197 7669
6048 3181
215 3381
7849 3472
8071 6175
4330 6904
3055 6578
8505 2749
789 7621
171 1516
4443 9201
9080 964
3648 9080
7638 2160
5268 2700
6629 4640
5002 8443
1124 1316
1403 5452
9150 3220
670 3762
9249 3202
1071 3008
2427 4240
4935 3333
5206 6879
5741 4482
2663 1130
8667 7334
1798 4170
6009 8529
4070 965
1821 8071
3532 5985
8294 9337
2170 6952
9609 8885
1053 2424
3246 7967
1269 6905
2214 6407
415 6290
8872 6113
6210 5176
5938 8755
3675 7268
6915 303
8083 5131
6701 5984
4806 505
1920 3759
6609 5266
2986 550
7823 5558
4071 8551
943 626
2310 6735
969 1132
8943 8578
2353 5980
1083 479
832 371
8155 1357
5215 7944
8813 9262
6399 4773
511 4727
6859 2226
4606 6718
5071 431
8984 2843
3467 1740
7924 9297
3960 7968
5503 2365
2360 8808
8043 3498
9520 9348
2649 6291
9182 2032
9213 932
2365 6303
3631 3513
7835 6012
3290 5995
4006 6207
3525 4719
887 906
5170 6883
5397 4071
9709 6086
2980 5402
8669 5544
2566 1180
297 8615
1774 164
4404 5480
4701 6723
9285 7115
2056 8859
6510 157
6708 6911
3561 4400
6020 9277
1526 710
8691 2123
7726 5921
2717 1926
3991 6471
37 2087
371 3
9637 7993
8090 3555
8287 9444
707 3334
3755 3416
7853 8227
4638 5850
435 5843
2473 2875
1367 4174
4385 6458
6398 6013
8704 8539
122 180
8927 1493
7575 8079
6524 7274
6951 3674
3874 1587
7999 7329
431 407
6900 1571
5583 8125
7322 2028
8855 6296
1226 4677
1216 6549
5047 2988
1678 7793
2268 4403
5999 6950
703 2074
3609 9186
2773 188
7353 8797
1531 3613
5454 9191
7478 9372
5466 3066
4654 156
8173 4057
1807 1769
4546 4637
7640 8795
7299 602
2209 2623
7503 8471
1194 5122
7477 7543
6977 8295
3767 2538
2621 6819
1916 7916
9393 8489
7775 2103
1528 803
5617 6159
4792 3019
9346 9143
8871 8834
6818 4187
7593 2199
564 919
1847 32
4726 9334
7839 5423
3136 8216
4564 6777
7644 5374
4763 631
8748 3280
4996 137
2972 304
2140 3612
2788 1498
4733 1883
1096 377
3352 6584
2654 1321
6485 5354
1988 1575
4379 5507
1166 3895
5882 2132
8731 4396
5203 4575
5758 5219
512 2536
6540 5874
8166 2290
1012 1014
9504 3327
6149 8347
7188 5392
4678 6802
5581 1349
8410 7684
7134 4166
4650 6474
1169 985
5762 5442
3303 9487
562 2349
8355 9422
4050 4932
8219 284
7051 2601
6761 8149
3326 6505
4398 6861
5511 3865
3836 4753
652 3842
6172 8407
9186 1492
689 9222
532 4772
2554 3504
228 651
8824 2373
7691 9308
201 5202
501 2941
5372 829
553 3611
3346 4055
8912 1244
6652 2141
3350 1491
8089 7062
422 2852
3143 2239
4942 6717
4956 6906
3435 1582
5379 45
4581 3544
9023 5087
6389 7890
9395 7743
6864 1444
3835 332
7112 8889
7528 7182
8472 6254
8359 3653
4419 5649
377 152
7181 8902
2291 242
2589 3254
1879 4305
3728 2540
6766 4089
9432 484
4095 1710
4686 2635
4741 2018
3626 9508
6774 2274
6587 7245
8313 8186
7000 2588
3284 4118
6764 5448
1132 813
76 5443
4495 9214
6731 9307
380 1526
6641 936
3508 3844
5981 4349
8814 8833
6690 1148
8520 3885
2397 4900
1572 7085
7787 7267
8172 7529
1060 4169
9195 4985
1939 8591
8429 4033
3950 5721
776 5573
6578 167
2264 6427
106 1467
5857 1023
7813 6043
8059 8721
2579 4379
5159 5545
8807 4313
8998 1327
1116 429
7542 938
9276 7078
4665 3627
4310 7161
3004 1875
4164 1063
2051 9335
9310 8047
3436 8610
4947 8078
7840 5906
3320 4460
8308 4569
4338 3204
4632 3271
2199 3702
355 988
7531 6444
8442 7242
4498 4750
3106 4664
1763 3385
1737 1823
148 292
7178 3154
7642 9275
7848 5540
3361 9397
8297 3683
6858 3103
8517 1936
7991 9174
6500 4584
2057 2834
7287 4434
2202 4078
8594 5653
3375 7643
7913 8181
676 6697
2870 9255
5050 5276
8746 6382
5963 6179
4203 6014
5402 2809
2946 2528
8870 1238
7560 9502
8905 6962
6388 7740
5479 5875
418 1456
1230 9426
8416 5633
6768 1167
1056 7755
4117 2505
6811 4687
5484 8656
6110 8007
9111 1021
4762 5577
9483 8950
2651 1737
2383 2735
5095 1343
9116 3464
255 6672
7161 5141
4692 1967
2764 7278
365 6839
7875 9376
59 1512
2937 1277
1267 4439
2730 7788
5860 9099
546 495
6737 3164
1220 5469
6786 5420
791 691
7242 2725
588 1633
6258 3246
1400 195
6268 4255
6916 3800
4724 4942
1782 8417
3479 3120
5179 5242
723 6748
1499 4822
3268 8116
7436 3347
3337 798
3912 7705
9081 1225
9230 3658
5650 7484
3820 510
8274 6146
9425 5330
344 7363
6060 6260
5439 2881
6308 5026
704 693
2271 6678
4833 8073
7979 1258
5919 1230
6270 411
4988 3093
4558 9091
160 8590
2527 2605
3218 6224
698 5581
168 6880
5543 8557
4244 3705
5510 8059
4487 4522
4507 4446
9702 4871
8977 2901
8461 3480
7185 63
3776 7613
2761 6630
8991 9442
2094 116
7310 6619
5968 4363
8392 2685
618 6107
9189 3614
1696 528
1302 3129
8495 1978
2782 1000
8319 8886
6963 9197
2060 8581
7727 5147
9545 7091
1684 8195
4766 5871
1952 8101
4927 9507
2372 5997
163 2949
6607 4253
8896 7702
7382 6930
3552 3285
3108 4181
913 6889
495 3304
7895 7441
4589 5285
971 500
6084 7156
299 5190
892 7170
5328 2238
5859 4670
3977 8317
7879 2076
2025 220
2110 8804
6853 7013
9667 5860
1504 8187
1469 3773
5501 1650
7961 6208
34 2203
4077 3434
2211 2687
475 3535
5229 9064
6883 5683
3202 2871
6406 878
2367 1701
9537 2458
5529 7185
3370 1308
5113 5727
6264 9395
6056 8228
6596 748
6489 6541
8330 6235
6634 8145
1229 3752
2508 2212
3076 3740
2371 1012
1204 8426
6300 4319
7680 1521
1709 3896
4329 4277
8606 5866
8483 4369
5012 564
4238 9264
3783 4178
3063 2697
7558 4249
8784 8184
1670 654
8051 4122
203 3637
5681 6366
4208 9378
3475 8686
1506 529
2727 438
2694 2753
2431 77
1345 5184
8116 8996
4276 8666
5130 5308
9417 210
1318 5778
6074 1871
2147 4875
7043 193
3273 4139
3165 3927
6238 4607
4348 1720
2377 7936
2288 2543
249 534
1759 4014
8034 9347
5506 5263
3502 9391
3766 6763
8178 3629
9584 4914
2136 1958
5772 4430
9010 4189
8003 8395
8358 2427
792 6660
5218 3017
1752 8201
1701 1636
1885 5399
331 3815
8676 3407
1750 7157
7414 8814
3484 9269
2191 5327
4125 777
5706 671
3030 4733
116 5213
2543 8583
5212 4098
8528 8413
2659 6867
8565 8005
8788 6217
4322 5182
4747 8777
8444 7008
561 5746
7657 305
4658 5304
8504 916
1694 2777
8407 2285
4370 5697
554 5116
3919 6862
1285 201
4613 4062
5014 9043
7968 6394
312 7
5797 4072
7485 6467
1943 5377
9036 9030
5171 3718
8781 9425
2546 3256
4321 1287
9623 1903
6642 1334
225 4559
7045 1222
7264 3967
1154 6803
5011 8223
4888 211
2741 3817
901 1685
5172 4934
2173 4608
1100 1319
5425 7500
7978 8437
1775 2943
7495 3765
6717 1252
2224 7186
9402 5981
1333 2145
9658 7596
5248 5855
2834 1290
3427 9357
7751 9166
138 2665
4983 7354
3683 2061
1563 235
1638 29
7812 6552
2553 7162
143 7249
8275 6740
6251 6815
4844 2104
6117 5604
6114 1036
9559 942
8593 4323
8588 2211
1431 4612
7272 8852
3386 516
541 2571
3823 8113
1536 920
6075 338
7514 7032
8291 7884
4672 3207
2370 3109
2657 902
6014 4704
6593 5529
9361 8750
5719 4106
9371 3923
1625 8739
4356 5037
179 5563
8062 5534
2461 4652
1872 4565
4394 5060
6271 4533
3752 8383
2408 3294
4776 8207
6229 4116
7346 5418
6279 5004
9015 4137
4553 2604
3646 899
5997 3517
812 4284
1904 3388
8709 8358
7776 1126
1341 2448
1122 2029
6767 8973
6824 2215
2857 1599
4907 1995
1448 1360
9144 8442
2062 5922
4477 2385
5057 2159
4752 5198
3757 6592
8162 1677
7459 8510
563 1479
7053 7208
3355 430
8713 886
4903 7003
1188 6631
8357 7473
6337 8957
2932 1678
5782 2494
6217 2347
7085 7966
3939 7150
8360 5931
3087 3751
3914 7149
8920 9212
1051 3704
5693 7299
4785 6798
3496 9049
7409 3184
5679 3215
9500 1390
2798 4180
4082 3959
1990 7431
907 6268
772 788
5318 5660
4418 4007
5961 2311
4842 1541
5448 4718
8141 7731
147 6680
3504 5555
5553 8115
800 2173
7546 7497
8371 53
6879 7159
2007 1165
673 5895
657 2519
857 5369
8755 4471
1858 3894
8764 8698
6998 895
8685 6796
6297 3277
1078 7641
2716 4028
5250 2394
7440 1870
2744 1566
8315 2189
2903 5212
8564 7676
7418 2453
5196 3311
549 2384
601 7478
1024 5607
8738 1402
3578 8159
7381 6120
718 1759
9003 4935
6533 5383
2684 6976
603 7864
2150 3238
4970 7467
6647 8788
7032 9293
1429 753
4751 3354
9025 6617
9171 1022
8625 5735
4856 785
1747 4237
1689 5619
7567 4973
2307 4469
9088 6936
407 5252
1387 8648
3266 8580
8801 5585
88 5916
3809 8975
6021 6820
447 345
4124 1901
5029 5672
2455 8055
4058 2835
4121 8729
4566 4013
7040 6758
7348 969
2126 817
372 5623
6130 8954
43 4881
7609 4539
2466 372
3597 8668
9295 8428
5243 6277
7108 2729
1422 2234
2994 5688
278 8399
4816 3361
4169 1161
1924 5903
7154 6420
1660 7422
5000 1726
7708 5954
5544 680
8431 6074
1509 8971
94 539
8361 2418
6357 7183
4702 4420
7932 6986
9057 6080
268 232
1878 5868
8789 4440
2513 7210
731 3136
9163 7915
9388 9361
1466 5771
1255 1829
2411 5215
6935 4372
1691 2070
8919 4878
9002 764
7023 8438
6440 8927
1584 1824
8389 9356
108 962
2878 1394
2548 301
2967 6016
7311 1806
4259 3763
4193 9464
1787 2512
12 1502
5551 8776
1802 5899
1828 7047
4703 4780
2439 1837
1357 747
6289 856
8648 8034
7743 5886
9376 8690
6370 8166
2852 7778
9043 4923
5571 8624
5593 9007
4284 3069
3884 6774
7540 4478
783 8972
2768 8861
7758 5865
8937 3971
2285 2660
9267 6081
9449 8135
6050 5120
4053 3590
684 4490
8311 5105
8202 6942
6795 8239
3900 2581
5864 6736
8012 8369
4620 8718
7204 5730
4646 1948
99 1035
6209 976
6943 6353
4951 4755
4168 2766
2885 8574
287 1007
2699 6785
3253 7722
8945 8935
6666 4994
4904 2260
4019 8507
8695 6734
7572 4092
4853 3696
9070 4000
7630 7173
8934 6845
6838 1624
5238 644
1687 6053
4587 7327
624 7893
1690 4654
7030 7001
1518 21
1945 5257
257 852
3199 6411
2992 6465
9675 5391
8447 5260
2913 8821
7696 2447
3113 6009
6598 3692
3832 2644
4659 2784
3534 3001
4249 9169
6869 639
9078 3373
2808 2058
9296 7844
5849 4449
74 2412
2482 3051
477 4474
9235 8257
4027 3218
3908 8292
6032 3170
3480 7373
881 7479
7948 6615
1547 2164
7370 5914
9542 2919
8021 6287
1918 875
8587 313
8326 4861
2824 2686
3270 7582
9481 4182
5814 7772
8644 8974
570 1896
2530 1268
2183 279
6545 7427
5958 3079
5640 7939
2678 9068
8056 3108
409 6821
8269 2477
472 6046
8612 3863
2637 4024
7707 3641
6909 1561
6261 4599
872 2583
4161 6588
7130 4711
333 455
332 6357
3251 9224
9575 766
9020 5640
4667 7910
7343 384
419 1197
6849 2808
4132 1775
8457 7370
9662 197
4753 1383
2822 7130
7578 6843
4253 5728
8631 8164
5659 5226
798 2022
6760 9209
7434 1032
2935 3255
319 5820
1454 2433
7275 6973
5365 1991
4219 9198
5666 3649
2332 5793
3269 8414
1776 7580
8820 5169
4096 4598
730 1435
7901 6052
6953 6285
515 921
1248 4959
2195 8035
865 1242
6778 2740
8013 8891
4160 4004
1461 3605
4237 7298
315 1772
4279 4481
7417 8647
9279 2754
3440 3968
351 7783
9236 1263
5726 4984
4097 4731
9311 5350
8866 8682
6714 6475
2099 743
6847 7181
8236 2873
8481 7878
7140 3960
41 4870
6234 1442
7212 3369
3537 2907
45 388
1217 1905
5308 8330
3438 4981
7580 7142
7330 8770
7141 583
6618 5702
640 3551
6079 3691
9059 6637
2505 4176
261 6977
7167 8659
5361 9148
6033 3209
6921 3725
8413 7066
7335 9325
71 109
2053 755
8234 7981
653 5412
2577 5294
3829 8364
4670 4728
2978 8736
8535 6772
3554 2094
1215 5907
5877 6006
3242 7868
6517 310
2297 161
1573 441
322 2222
9245 461
3906 9120
5978 3223
1674 4633
5200 6921
5149 5813
7277 2783
4949 361
1676 483
7851 8534
1792 7894
8380 6349
1839 5474
6612 8786
3183 5571
9107 7558
4534 3101
2510 3054
5865 5667
5128 268
7482 7982
398 7710
3538 6015
7155 9483
6887 4624
6781 7729
5164 8012
3050 910
559 339
3583 3946
424 2482
7637 6038
9142 922
5521 1047
9083 2743
6525 9380
9680 4183
7754 7231
9087 4179
5901 2654
5809 7355
5032 9354
2674 2954
425 2467
3714 6726
8443 8198
310 1294
3503 2251
9567 1803
3095 6916
2384 4171
8303 2624
2596 1342
221 4854
7399 7649
2925 4236
3446 5526
4128 2499
1857 6123
6380 3519
6072 8168
3070 5973
5224 3726
1519 296
8526 2977
4143 4053
4797 381
4101 4186
2700 7539
4984 1392
1265 4211
1717 5288
1521 3985
1751 8873
7504 7128
9034 6209
9515 1757
4396 982
5970 5896
7697 7114
830 2489
2047 746
2225 6771
5169 8883
2523 723
3822 1329
1374 2126
8038 7125
8647 4623
8139 1346
5573 4156
8487 3433
2246 6450
6966 7131
5585 2906
6188 664
7469 8955
5812 1817
4655 7343
9071 8568
8752 3559
8192 6545
5378 1530
2582 7965
3523 8103
437 1643
8750 5849
828 3857
6126 6008
518 1291
7519 6026
1415 8822
5580 1150
646 387
6081 2507
4113 8143
9154 8043
8292 7559
6433 6547
9570 169
3434 2629
8143 9125
3941 8609
7752 7033
5632 2712
8239 8778
1225 1016
6732 1969
5787 1055
4065 8767
7308 2457
5743 7824
6496 4912
8479 3123
1978 9195
3880 5028
5394 8587
1896 1333
3539 1514
7626 8503
5235 2461
4799 6424
8019 8652
3983 9004
4602 6656
6393 3130
5500 9029
980 2946
2314 5505
1971 1151
2770 5461
7684 616
579 7599
8232 9345
1232 3448
4138 6934
1030 3419
7798 5438
6573 4393
4432 2078
3751 1355
3014 6236
2019 2975
5792 5234
8576 6276
4640 9167
5102 8929
5894 1855
8022 5292
6138 4361
4860 3797
4987 3732
4809 4391
4794 6729
3398 797
2592 4328
5007 7425
1207 3081
2547 1073
3872 5780
5153 1340
7683 3999
8935 9144
2122 5902
8953 269
2316 6647
9019 6028
3148 7101
2265 9127
8209 3116
6083 5972
8501 5481
8470 3750
8725 8354
2666 5164
1831 1654
1721 4342
1138 1501
4827 7650
9707 7807
6364 2073
8295 4977
5176 7974
7774 2527
8921 917
5187 6088
4042 8818
2452 2565
8511 7645
8583 9320
8747 6338
4669 6391
1029 3422
5312 1286
4106 4081
2490 8734
6335 414
4233 527
7012 4034
3240 6250
2928 7040
2563 5459
8981 7954
1966 8269
9263 4421
1993 3721
4807 4644
4644 3460
2197 6577
7146 3841
5710 9025
9123 6213
7488 5905
326 3499
9490 8136
6088 8985
7486 8170
8179 5006
9470 3554
9119 7587
440 2312
6176 4292
1098 1504
6796 6160
7790 8913
4555 8160
1301 5058
848 3661
6434 2915
1671 5289
4430 67
8421 8579
2366 1857
8293 6714
80 1897
1228 3520
4616 5239
9018 3491
9613 7118
3624 6542
8768 6543
4145 8879
7339 3237
7622 5637
1006 2444
8332 7190
987 5143
1919 428
5736 873
5518 9512
8060 9283
7452 1171
8142 3594
8862 7195
4787 1466
3921 2648
8805 3607
820 767
9469 2541
3827 2982
2850 4905
2616 3703
3607 3482
8976 6945
9506 6799
2443 5776
6908 4367
3079 4534
8345 3888
3039 6293
1430 1686
4689 8206
1455 78
7699 8716
3167 5365
6151 7760
4925 1185
9176 5038
1203 2669
4140 5214
5438 6172
2719 7724
770 706
130 5994
9035 9115
9661 6304
4798 7551
3037 2219
2263 2036
460 1616
9615 6181
8091 7295
3659 6477
9660 4873
7371 9028
2378 588
7151 8067
2426 1711
850 2723
5647 7601
9250 2336
1000 508
1382 6347
4732 7565
3005 729
9390 2658
157 258
6321 6856
7629 3478
7920 2517
7412 4963
5097 336
1464 2931
7959 8016
7462 8646
8055 5408
6678 2422
4493 8843
8088 1459
3839 55
205 1425
9602 7554
6944 5699
7530 5562
3116 2375
1815 5475
5025 6484
6704 7246
2361 3636
4964 5561
7972 7964
5145 7818
592 689
3071 1027
2509 42
2600 5335
3054 7590
8909 4795
7603 4204
5752 4196
5441 7408
4355 6034
7521 4993
4817 7874
2620 5758
6468 8363
8609 7209
4957 1665
6585 731
2196 3276
8925 335
738 1898
1610 2909
388 57
4270 3420
7721 1437
9430 987
916 3754
140 4545
5896 8348
2401 5125
1833 719
3123 591
1890 7198
8182 7570
4767 5794
1566 862
6975 5134
4560 2903
6718 3092
8574 7609
7268 1694
4472 8060
3754 8866
8040 3244
6418 8903
7118 6072
1633 5483
8992 6628
5497 845
2438 1647
8016 577
9399 9152
6532 8662
7416 4926
2705 6775
5410 4960
7864 5235
1475 1142
1337 4451
1040 1554
2567 926
7106 8953
5604 3989
4783 761
3066 8582
8418 1507
8207 433
7217 6702
4298 446
3789 4359
3962 1120
3920 3601
5099 6003
747 154
8117 1876
5259 6319
9389 9510
6970 3036
9364 4659
3676 5081
2533 806
1523 2521
3011 3912
1936 5054
1598 5584
9610 7264
4093 3631
4317 2823
6049 2518
7876 1929
3979 4054
5616 6374
7554 832
6619 2523
6984 8285
2580 3062
8113 7591
7765 6937
7325 8683
6443 8794
6426 918
2570 7260
7463 5229
5967 9037
5141 939
9102 3227
6328 6310
852 4267
936 685
2862 9437
8405 5148
2906 3481
9092 3216
392 11
7512 5829
4509 4147
9194 4986
630 6190
3389 3935
7200 7906
8736 9046
8077 3871
3349 129
7163 5237
7211 8217
1581 3675
5623 1890
3804 4943
6784 5582
672 3619
9283 4525
2655 4691
1809 5576
2745 9363
3033 688
2525 8278
2347 3955
8366 2987
4825 4835
1513 1743
1697 6833
4405 628
5648 6097
3128 5073
7003 119
8727 2387
5932 4676
1442 4821
5214 7435
8246 2934
9037 1724
1434 6544
6816 5762
3237 5760
3702 1044
3964 4104
7733 8434
3469 7593
3289 6115
4309 5034
2522 48
2926 8884
7597 9316
4841 4311
8080 4639
838 784
8205 2055
2802 559
1538 1194
5991 2768
354 679
7006 8554
5210 3012
370 578
6541 8046
4375 2083
3913 7068
5082 6230
5649 5797
83 6623
754 3780
4020 6654
5692 8521
79 1996
6553 4799
6857 4027
2089 4262
8641 757
5381 3364
3278 8117
5068 56
4937 5355
5840 6844
4026 4971
5766 541
5680 5000
3409 215
7944 87
8320 7148
2330 694
4381 3230
5105 376
7058 2677
3318 9336
4592 5079
8767 3812
2685 8172
7643 3208
1517 7243
4469 3716
2997 7390
1503 6693
8496 7892
8414 8894
5401 9036
165 9478
5078 7855
771 81
5749 9221
3843 3595
1045 7631
5313 3717
7448 7564
1667 5961
948 75
2539 1771
8898 1107
5678 2730
961 7725
8167 3709
705 2035
4736 4424
3309 5203
9574 3534
4569 5934
3945 7440
612 5032
4898 8862
5083 5643
9225 4946
5821 4688
8009 7055
4182 6019
233 5525
5606 3087
4873 7873
5310 3853
462 172
6668 2790
5597 7588
5485 6823
6105 8501
4226 1352
2809 1191
6377 3848
683 4605
5734 4433
216 3510
8045 3835
9000 4467
3112 7507
485 187
3834 5889
5704 3568
8571 9448
8466 8697
4891 5231
8857 2045
6937 5069
384 95
4516 1820
2604 1369
9651 7443
2095 4268
8549 6922
6865 1999
5070 2179
4271 4005
3694 4296
5272 6842
2257 5221
6927 7510
8206 5251
166 1102
3137 3458
9406 4853
5832 3640
6319 5840
4094 5248
7921 9244
491 5092
2868 7436
1022 1601
6066 7527
204 1309
7494 51
2232 6988
6067 6524
8960 8620
7386 6608
4614 5897
8513 3052
9612 6755
2701 3918
4836 6563
9052 1473
8256 6136
2218 7854
9200 3395
8220 3592
3869 5616
1742 3794
3799 1595
1649 9383
5366 2077
4088 957
2690 4815
2464 2955
5276 5787
2131 2961
3236 3738
5642 5467
4250 4070
7669 8313
875 307
1158 4874
2498 6866
383 522
7738 6079
7490 9396
14 4392
4247 641
7587 3466
4879 4979
1791 3579
1637 7445
9706 2343
2162 7109
765 2088
302 6589
4332 2558
2283 1574
135 909
202 2765
2503 3117
6045 402
7014 1675
5100 7602
1484 1508
7150 7528
3271 1068
4393 7257
4108 2818
734 1794
5916 8334
7563 6161
1922 2292
976 1400
1079 4574
9084 1490
2734 1950
4559 6944
6556 7342
6034 3932
8873 860
9681 2904
7042 9491
1930 9247
5326 1735
7388 2431
4316 2314
65 4781
2931 6472
3209 3151
1619 6378
295 4188
7366 8427
2487 1196
48 1249
4810 2762
9085 4741
3485 4402
814 3690
1546 4397
8854 5521
5866 6817
3787 598
4576 3805
2573 9494
1440 1807
9655 4769
7282 8531
4656 1961
1766 4101
6346 6020
11 151
4832 2015
5709 9257
7121 8628
540 2463
8827 9511
2475 288
5167 2561
1768 2456
1946 4047
2521 7526
5302 3439
121 4308
5753 8337
6334 6956
8531 2026
4091 1681
6750 6941
6663 3462
6241 7493
4545 1513
8548 6143
9427 9011
6929 4941
4615 7881
2908 6035
8557 8994
6769 2500
9604 352
7135 2402
7142 4954
3556 1373
519 2780
9259 8681
7429 2733
4896 4465
2800 7583
4286 4407
3111 8232
7989 4893
8217 7830
7584 8796
9356 7992
5480 2209
2134 8576
9130 3206
5491 1547
2995 2175
3272 458
5086 8775
1927 9351
1377 3077
1306 1121
7320 6503
3818 7270
9208 2554
6672 2996
6622 4315
3618 5267
3655 3900
4181 297
2100 3196
4014 7234
5201 4087
7143 5281
576 314
7624 7581
6026 2971
2078 7735
8098 6739
6757 8947
547 5939
823 4543
7990 4299
8253 1128
5323 9003
7084 1850
5062 9322
7957 7746
1120 1462
3731 6562
3622 9342
8671 6675
4563 5716
941 840
5915 1922
9434 2774
8289 7887
9631 5247
9030 5312
8493 7451
4722 412
5165 8065
6374 8553
484 4621
7887 2750
3501 5568
5950 2970
6877 5142
5886 4662
7676 1069
5457 46
7552 9070
9630 6061
8506 7556
5655 6511
2013 8865
4092 2862
8242 3409
8347 5013
5363 3112
5387 8978
7995 782
5505 6927
4256 4940
7119 7092
7117 3021
7889 3283
1714 4570
904 4297
7784 2594
1555 1463
1933 9225
1666 2428
5906 6513
7450 8601
7254 2451
5146 5036
5493 5560
1160 1433
426 1203
6499 4452
5403 1629
2929 760
4254 5864
2942 6508
3940 7922
1863 6239
7360 7122
9657 7817
2415 2547
1309 58
6078 7869
874 4661
5555 1955
3852 6370
5761 7364
3551 5406
1882 1031
8261 5188
6087 1204
6528 4524
2634 1078
2092 6348
3929 6200
7354 3608
1837 1118
1883 6558
2947 1625
291 8304
2446 3131
4886 416
8197 7946
3052 744
8543 6326
2549 838
5783 5790
8125 9108
7136 5537
2636 3048
2660 5112
9581 6000
3362 1946
6412 4882
7220 3192
8362 8140
5917 276
3649 8030
606 3728
3805 3289
6570 2792
949 973
9611 7712
6158 703
2555 9490
3287 5464
2380 3620
5816 6282
6481 621
8471 7303
8652 5631
4387 3456
952 4834
3887 354
3208 9078
3515 6077
644 2699
3135 8380
722 7423
3419 7638
4503 2008
8995 6171
6621 4389
5477 2157
5234 6658
3459 2959
2856 207
480 4394
2912 5531
959 203
6109 1667
222 8342
599 3701
3170 6306
7616 3193
8696 6983
316 532
4818 1304
7403 2885
4515 1520
9033 6899
7536 8026
4036 2710
9105 4710
9538 5362
5205 1101
8720 9184
3126 7247
4431 39
6039 3384
5822 8352
6186 4184
9474 253
8475 7999
8310 3767
862 1705
6174 4784
4690 8817
6038 3755
794 62
6754 4386
2176 370
781 6106
2348 5127
4812 2580
9529 5156
8427 3313
3444 6169
9512 3323
2227 7709
5899 7572
1683 1460
7631 8878
8773 8992
7214 7331
7573 5010
1371 1590
6712 8028
2055 1536
7522 4265
6894 1123
420 1722
4414 8192
8749 8824
1075 1859
7729 5404
619 5272
6348 3867
3634 1077
2930 3124
7783 4443
1131 1331
6059 1655
2258 6520
7359 9349
7545 5722
2574 1436
8353 7563
4772 265
4738 3939
2785 2465
252 1994
4296 9172
5028 5249
573 1836
3105 444
686 35
9713 3581
8954 9333
1069 2354
1224 120
6090 9346
8057 7538
7449 652
63 705
834 17
2030 8277
2665 6033
8990 2586
3741 5104
1630 4488
9461 4855
7289 6010
5533 8316
6497 4159
7590 6286
7604 5145
5957 7129
537 497
2252 6648
6424 511
5444 8134
4448 7584
7843 8910
7363 6593
2688 4532
7148 2551
6003 5975
2278 2232
6719 9160
6640 6092
4791 4438
5489 9203
3282 5331
1047 812
6822 5948
5158 6810
7411 8233
6667 2241
2127 9079
6168 5157
8741 9414
8867 4651
7654 1938
8735 5661
1524 7061
9648 7429
4369 3028
860 5675
802 8854
4773 8556
3152 1662
9671 9039
4212 2926
5836 2647
5373 283
4846 4840
6739 9240
9298 9263
5940 2200
5887 85
2322 1809
4465 4085
2231 1676
6632 7951
9392 6228
1869 7768
1591 647
394 3706
7801 8251
7415 5286
4408 3389
4917 2163
4525 2185
8050 2683
8112 4631
4511 2572
5034 4205
3388 8967
6948 8370
7427 4409
2379 551
2273 8420
4194 9211
4734 7049
7902 4207
1628 6975
3686 3225
1420 1227
6555 7789
2270 7100
3816 1932
9061 9256
6834 6238
7821 7388
6628 1626
5793 6151
9391 6044
2837 1534
3160 20
555 5415
9566 8687
2797 3457
5316 8513
5018 4643
2275 2397
3856 7037
4083 6800
8228 8387
3981 8157
8610 9274
571 7310
6492 3737
4409 7380
2792 6206
3976 9505
3601 9421
107 3970
8398 7097
5586 9073
8596 7630
5035 3657
6713 6761
4488 2986
628 4615
1287 9000
2456 531
2253 158
3598 908
4524 5594
7458 6051
3020 6690
8911 3360
7164 3582
1736 7065
2753 7513
7144 4216
3638 1797
9127 5110
6068 1280
8435 5620
8218 5468
2188 2439
3130 3352
1887 2277
8822 4666
8158 6027
1629 3678
9172 5694
6842 4105
164 9390
3442 5642
6561 7191
3712 8916
3753 5498
4116 6909
594 4819
6345 3899
1239 3708
1055 1169
899 8408
8798 1019
6563 2886
402 2756
9161 1166
6336 8495
1730 2417
6689 5124
2858 3090
1202 1154
3064 5023
1424 2204
5085 5996
5147 7662
3936 5158
2120 6757
3568 5690
1406 8738
1010 5898
5487 979
8196 7714
5603 5347
6793 2144
9379 5569
6706 7769
2238 3098
2256 8965
118 8565
300 7248
318 2079
4868 160
8237 8081
8368 8766
6651 3642
2075 1606
2562 6683
5611 6599
6312 351
699 5910
2114 2371
4496 5965
5842 5433
1981 8131
7818 9019
7890 127
4446 131
8933 5940
2320 1974
8109 1376
7665 7812
4438 5877
7237 6451
5464 8447
3396 6673
132 3573
847 142
8408 7064
321 597
3670 3781
6259 2038
3487 3303
226 697
7565 7885
1354 650
1065 4096
105 1320
4467 5027
2723 3137
6922 8650
8973 447
8140 8432
2444 2911
96 665
1657 8177
5475 2064
5508 3745
6785 9022
5757 5333
3179 9258
7203 5655
5633 8072
8348 5656
1412 9087
3918 882
8719 1099
7373 8672
1103 2140
8832 3298
4645 7754
4066 754
4246 6024
5773 7889
7980 3392
6007 3245
2830 3684
3325 6493
2794 2833
8539 4190
4200 6928
9109 1565
5042 6041
9335 7508
1342 4060
3316 2770
7133 8365
6236 8165
8616 6170
3645 1751
6635 9284
2279 7017
3249 8523
589 8826
2584 5454
581 397
4769 4872
8276 7398
7425 8966
7196 8569
7581 4680
7607 2106
9462 7813
3132 915
7557 7378
6438 324
8215 6430
2829 880
5101 2264
2117 1115
3871 5228
9424 71
191 250
7767 637
1284 1792
7994 1651
9351 8504
1974 1414
2483 3191
7930 8249
9277 5674
9551 4327
6521 183
877 1825
5232 8715
7074 4788
6557 6202
9438 5233
9204 6611
7186 1018
3703 4589
7742 8825
6353 5971
5299 9182
7424 9135
5771 7920
2363 2192
8238 3234
283 8532
8305 2442
4778 217
217 0
4704 4492
4147 7273
9217 1041
5435 5610
9643 2041
6309 2484
7365 5937
4351 5389
9679 8597
7128 6087
1913 6499
796 3387
8507 5686
5737 9129
6662 2640
177 4641
2669 3870
3196 2856
5204 5802
3119 3933
9418 1378
4811 2731
4078 1842
4628 2125
6993 5510
1529 2722
3540 3500
3408 6198
9262 5490
5027 4251
1300 1051
9358 8163
452 1920
8084 4852
1369 3076
6575 4807
5595 700
8007 8768
6881 1232
4604 2952
9699 8655
2430 358
7814 6801
2318 5015
8645 5065
9639 7096
656 463
5547 2410
2219 7736
234 3159
1722 6788
2476 1072
4029 5422
621 9151
7408 7652
8740 8341
6306 8132
9633 7496
7516 6958
993 5268
6196 5211
7884 6272
139 6334
7072 630
3184 8496
4653 2769
6113 3735
4997 818
4708 3378
1476 4956
7713 8237
6131 5549
1052 6699
1485 7958
5001 6876
2381 7192
1090 5990
7662 9216
317 1539
709 7238
2687 1415
894 5343
3062 5500
1706 9394
6058 9119
5298 272
4289 7976
1522 3380
2277 9116
7279 3445
1716 8088
175 66
5424 6614
1754 6331
4403 629
3593 3375
7741 6893
6544 9253
5670 54
3769 8416
8665 4660
2315 3729
5426 9193
8908 9312
8108 1251
2059 1040
1125 762
4770 888
3795 4724
7844 4982
6257 7400
7387 713
367 5207
5702 6069
1925 618
4173 5450
9152 2469
2351 702
6119 9435
6982 714
7652 1186
5317 8064
5827 8765
4216 1581
1353 8925
8014 6765
2964 9157
1179 367
2760 8607
40 657
3907 228
381 3490
5092 9084
690 1274
927 315
7608 8696
7015 4330
1917 2020
3654 8680
3377 3270
7781 274
6954 7980
3604 3537
1850 5713
7892 4775
7492 2511
7442 9232
8670 1731
1021 4459
1310 8771
2167 4345
3365 854
2916 3570
6748 3572
8913 7281
4218 998
939 3344
1106 3996
2002 2486
1931 1243
6694 4920
2133 3666
5060 6036
7936 7627
6558 1805
7047 4161
5389 5766
1361 5588
9635 1572
6061 422
5946 2230
8181 7204
2598 3035
7906 2498
8265 5851
5125 7330
7910 9259
2608 9328
7501 6989
4337 1942
3516 4436
7984 3463
1582 1042
3723 898
2450 2622
3248 2798
190 3155
724 615
8858 8333
416 1640
6401 2962
5065 3604
1544 983
4186 1928
7020 2815
1211 6037
5194 5536
4527 4915
3662 519
9103 3221
449 104
4198 2650
28 1998
7008 2437
2511 3011
2247 1562
3700 1992
15 5579
1080 5844
6529 4343
3564 1782
4376 4282
2226 2308
3904 7841
3854 6556
387 4015
3169 3545
1740 7849
6028 2748
9 2772
2894 2367
4717 7660
2814 1698
5453 4709
4063 5678
5725 287
4202 5071
6185 972
6493 581
1334 6022
38 3549
6344 1578
8708 9265
153 3437
3943 9498
1576 7726
7931 7194
4123 2357
574 9226
9437 3659
3717 7261
1823 5089
5357 5372
7033 7146
8726 8119
9378 9477
3957 3850
8776 2576
2998 4419
5181 8870
3570 8097
3188 8934
1932 490
7342 102
9199 1558
1259 4336
2965 6337
5875 4571
6729 4868
4594 5187
281 1006
4339 9072
3298 9381
2074 8013
36 2614
8093 2632
9183 6405
4308 6448
6065 3503
5436 1488
5024 1789
7160 2300
5140 8752
5293 8914
481 1548
6213 4552
845 8156
6835 5180
8638 2091
5590 213
8931 1652
3901 7059
3999 9459
6813 4158
2879 5200
4543 4650
9254 1525
4060 1689
7793 7901
8340 2042
8678 3872
2587 2775
7659 4672
2639 7458
9323 3477
729 19
5499 7763
405 887
253 4324
7951 3243
2572 3138
3497 3547
4100 2242
929 5822
2391 3632
7145 4457
293 5593
5006 8286
2212 8630
7897 1912
7690 9462
5414 5437
50 1313
8189 3688
1359 6322
3368 9369
4234 4583
3817 821
8149 3952
3314 9367
7997 8946
3080 10
3701 5094
8988 1224
2551 2822
3663 2979
5274 1375
8094 8895
8839 6101
6639 8315
9201 4291
4631 7829
7375 6908
2467 1713
4609 2689
3085 4130
1184 643
5804 9305
6369 2177
75 599
8198 9401
1963 2913
1482 1593
6096 6963
8975 2609
8101 6441
1460 3879
4664 8190
6501 6890
8400 8256
6552 5570
4500 8641
8415 3200
6392 6150
8769 3212
7397 360
8216 608
2718 7240
5507 2221
6645 4830
1608 5715
7013 4938
2290 7598
3099 5958
2486 5107
400 8353
8879 8958
3569 3890
7885 6949
1656 7520
347 6294
4119 7258
4035 6025
9293 1081
2111 4143
1653 8208
7031 5113
3603 8356
2222 4925
6599 8783
2338 9053
4353 2112
6572 6203
9156 7891
7506 6571
2820 18
4004 2004
7288 568
759 9288
1358 5431
9431 4388
3457 9124
2245 2940
9336 8142
6789 9416
352 5243
5301 5218
5063 6515
8075 8594
340 98
4923 4378
4392 7537
325 2195
6362 5867
4473 3429
186 2383
6648 904
271 273
6659 8372
7355 7187
238 410
2389 4238
6518 2224
2585 6710
2818 378
4570 442
2872 6998
3778 6426
6407 2012
1407 7502
3383 7794
4590 6445
4998 1420
5306 6383
9268 6787
3046 1164
3211 3041
5630 8243
4144 4913
7261 8586
1273 4613
1732 79
8928 3576
7445 711
1719 5245
4969 5706
6304 1129
9073 4362
8712 5080
3122 7785
5560 2278
935 1868
2921 8183
1076 2166
661 9133
4263 7236
7347 6595
6160 4586
1458 2963
2557 4347
5931 8988
8537 7094
1912 6712
5009 809
2165 8550
3547 5795
7692 2887
706 1642
2235 7661
2638 2811
3879 8751
1507 2390
5292 9066
3306 892
600 122
274 6793
2643 8962
8514 6709
4458 7695
7394 7953
4362 8027
3599 963
9108 1052
4743 3599
2160 6125
9045 6900
566 52
6320 2316
5705 7241
967 991
7748 5714
7886 8480
6840 5869
2707 2252
8958 5099
7768 2726
4978 6118
4293 9050
1256 2202
1150 5583
6568 4132
4380 255
6231 6410
8301 944
346 6540
556 3485
9360 8153
6366 2619
5152 3556
1659 7604
5774 3203
6411 6187
8458 6737
6830 7324
9174 9398
7061 7010
2910 8082
9510 945
2494 3930
8354 8840
8008 7797
3201 745
5109 9339
7686 2092
8331 7044
3006 844
2642 3495
9421 3943
4323 4390
1618 7706
9683 7326
361 3146
4368 8311
5612 5259
505 3689
275 4126
8782 7762
1921 5882
5471 4880
1789 2525
3821 6343
8344 8673
9064 4234
3614 9480
8765 9267
2945 3398
3777 6685
2762 5279
1402 5472
6089 8069
9441 2124
2084 2034
3797 6502
9670 7734
2746 1704
835 4215
7535 7178
5904 3522
6071 9471
247 1515
1101 3921
4067 3488
6638 5873
9668 7294
5801 5670
6825 2651
4275 2262
4384 2738
7169 3821
8322 473
2982 4895
4206 7024
3400 316
9077 3893
5699 8015
8589 3654
2915 8185
6801 2504
1535 2936
648 6055
7648 2691
6591 866
5283 617
8915 9220
3321 4972
6867 6231
2880 7786
4282 417
9548 5947
1467 7410
5482 2821
3657 6745
7177 2878
2763 826
7483 6483
1240 6982
9281 2829
5017 9282
5270 6177
6216 2602
7057 2255
2841 1071
5391 1644
3026 7984
3549 6875
732 1076
4916 477
6912 8377
9012 5128
2787 3656
6794 6496
5728 16
9654 2840
8642 2659
1086 3954
9527 6564
1489 5348
3129 1179
8711 9289
9352 6848
4165 3992
4073 3965
6228 2069
9685 9488
8836 4762
2169 7197
7280 9506
6670 5592
8946 3248
7172 7628
1141 7228
3681 37
6100 8805
9185 6853
6417 8849
8388 3552
973 1904
5481 1568
9300 231
5592 1921
1386 3550
9178 1253
280 3819
1123 8197
1860 34
6219 1034
3849 3176
7606 112
9063 1158
1851 1542
3815 4901
2248 5385
1767 3150
5658 7279
4671 8912
7795 7585
5098 834
1397 440
5242 4969
3998 1189
8547 7971
25 3598
3474 8374
8724 8872
1023 8942
8523 3761
4839 7494
9565 4716
6949 9075
7755 8444
5550 9431
8831 8997
3853 5462
695 4056
3587 1911
1994 7977
357 1503
7550 7250
8335 8077
655 2863
534 2566
5959 8991
1772 4288
6588 1622
1844 2563
2153 6131
1647 3585
2983 1715
2769 8548
583 6226
2090 2205
5724 7816
7627 4133
1627 1611
2021 3043
1372 1110
3808 1754
5561 9190
7312 3828
3418 5108
7905 3400
2164 1182
466 6627
1197 5477
1929 9382
9219 9279
3193 7550
1496 4144
1135 2799
4130 4487
9280 1556
1089 1234
504 395
6738 3095
3061 9112
2779 1452
3519 1094
4136 2476
5046 8897
8546 3731
8821 6920
8815 779
272 1405
1602 3379
7316 3873
6550 8693
7065 8651
3288 6062
5263 2544
8129 8106
421 3771
3315 9018
1648 3910
5142 9302
7770 579
368 1449
6397 2299
6272 7352
5182 763
890 1135
2971 7862
1020 9096
6978 889
5825 8688
3296 1090
5490 6872
6239 3053
5523 5179
1490 2860
1644 925
4072 699
626 8246
5030 2363
1998 9103
5652 3722
4890 7036
3970 2329
1111 150
5279 2616
1199 1762
2645 2902
4712 3468
1153 3610
213 2680
6120 7603
8762 9118
897 8948
4081 6585
5608 2128
4608 2391
4017 2377
7273 6403
2066 5941
9167 8335
7816 4785
5256 6705
693 5315
8892 8220
3792 668
7714 749
6548 8398
3181 7561
3330 6951
1783 2331
7234 2646
9659 4276
8177 4264
5478 5629
6903 3831
8449 4003
150 5572
1419 8990
8672 7489
7182 3748
9460 1935
6755 3005
3507 5648
665 8712
757 2250
3357 498
5015 7365
9114 4387
1585 3428
7044 2894
6996 6743
6022 8657
9708 2328
6183 924
1672 835
697 7221
5755 1893
2425 584
6631 5297
239 740
4989 4776
327 7407
970 41
6716 8899
7104 6300
3299 1930
1307 427
6630 2960
6325 4254
5319 9407
7658 2534
3213 7290
2536 658
9206 2295
3605 6480
465 7042
5514 6878
8282 2441
1941 3050
9164 1840
1861 5129
8027 1330
8399 4761
4069 6497
5591 4226
7321 5666
284 2827
2106 7107
1390 1190
8614 9113
4666 5311
4005 8533
9586 1496
9362 6522
2403 4910
4436 6674
3489 1297
1500 3134
3245 6854
4002 3065
7561 6836
3206 3626
3687 487
9106 4694
3699 4121
7017 8717
914 7027
4800 2897
8566 2620
1975 4042
259 4685
2516 4521
5926 6970
3955 8944
3329 2404
2478 6311
8352 1341
2615 6042
3338 3314
218 3469
5913 6586
3008 3312
4943 3269
183 4897
127 952
5132 6004
4413 2265
944 2403
7703 7937
2239 2468
5374 6486
1313 3843
5988 3189
7286 7658
6456 3925
162 6662
2519 1441
6215 1028
1565 1371
8227 1956
5579 2497
4278 7840
6134 1702
7480 8397
7410 5824
6898 7685
780 2608
104 3174
3334 3557
1911 7698
9439 237
5327 8032
5393 1742
6391 6852
8210 7717
9596 4714
3543 3177
4939 2065
2137 3866
1459 1972
3217 5599
4885 7253
5231 2508
1319 7708
9710 1138
7421 7344
3711 4377
3347 2122
2308 8066
4231 219
4373 6039
4824 1770
4311 4304
5519 6104
3139 1087
296 3284
2193 2040
4871 2794
1137 4245
3548 7611
1218 5651
3934 8499
2213 7421
6843 3774
9597 7166
7139 2978
8097 6242
2346 6362
6791 4620
1257 7165
9110 1730
9134 9295
4492 8376
5473 6572
5618 8877
2488 8302
4695 6098
6195 822
9634 5378
7614 165
2182 1854
5080 2732
8826 4933
3732 5485
3689 38
1501 5162
5129 7179
8231 4437
4990 47
412 778
5064 4527
617 9132
1870 3948
1679 3195
4744 8309
1964 3163
4715 3715
8134 2303
637 5693
824 6695
2465 2662
769 1205
5522 4903
4700 8174
24 2237
7168 9330
2350 5857
9304 8221
5472 2745
1848 2920
6414 6423
6783 601
3580 6117
5969 6650
1793 2855
8987 4997
7574 8735
6280 7021
6470 7404
7647 7300
8627 8008
7437 2698
9244 7579
6383 5743
3319 3219
4585 3037
174 553
1258 2998
4415 9473
3562 8396
3391 8757
6523 7723
6910 5411
2786 94
4111 7262
7245 4109
3535 1544
9688 8454
733 5309
1018 8774
7583 6269
7533 6032
8570 7655
8825 7532
6106 8324
1950 8019
3339 1894
7081 6694
2274 3411
761 4695
614 256
1011 6155
5352 871
3958 5612
1049 1381
4031 7041
6242 2854
843 5677
2304 6274
7541 7447
4417 1887
2496 2474
496 2281
4946 222
3415 728
6989 8649
4540 2158
1984 2307
6658 5168
4306 6964
8902 1750
4245 8218
3086 648
3802 540
3610 524
4696 1413
5973 5489
2394 2596
1339 8263
3267 4235
8285 6315
2063 3013
2029 366
2345 4504
2096 8102
2988 1004
6495 2333
7460 8537
7976 4800
725 6768
5291 7152
8452 7048
5431 8400
6331 4365
8581 1853
7725 8645
1380 1109
286 3376
9494 6891
3800 2696
3224 7135
7872 7767
2481 7275
9160 7393
1626 3685
1093 569
2680 8602
3473 1970
2184 656
8799 9208
8025 9200
8521 6561
8203 8070
604 4958
4260 8695
1897 5453
3842 2321
4188 4735
7732 2256
6886 3864
7246 8194
5525 590
8157 6408
9132 1943
6190 765
4104 2273
9477 5785
9629 8500
2873 1474
4158 3104
7937 7471
3658 7309
9411 890
6460 6459
8797 4045
3178 3741
303 6632
5509 7632
6202 9093
214 1046
3574 3931
3864 9101
7939 409
1087 1296
6441 5842
8924 4052
8104 7052
5076 4518
6511 8928
3762 5955
871 5049
1349 1863
7956 1380
1379 4114
8563 7475
1164 1899
3790 7730
1735 3508
7252 2895
795 2487
7213 8086
984 3201
5066 4219
5853 1024
538 1535
9344 8282
5223 7375
6367 8024
2784 4765
5643 7293
100 4172
6595 7367
7952 5622
9692 5429
864 7291
6252 4591
8649 6297
5831 4547
2863 6808
912 2319
1889 789
7837 1379
4451 7317
170 26
9489 6816
7981 6724
582 5742
7027 6429
1592 3064
26 291
3813 107
9488 7219
6907 9154
2941 8211
4333 5014
2940 1708
5351 6969
6498 6746
7502 4025
7570 4242
721 5532
1293 1982
4880 4260
2823 7232
3147 6665
4642 8506
5878 1050
2342 2638
3381 5305
441 4636
5563 5220
5610 9045
2729 4850
1741 206
9148 1439
8120 2131
1962 3451
5075 4063
2382 3197
6664 8530
5687 1221
7372 8725
32 3341
2058 2841
3023 4320
1315 1798
4410 2914
3746 7360
9146 9187
5367 3046
3791 3461
6660 6054
6419 8212
264 8
4079 1421
1237 9178
7858 9110
5912 2615
2776 6651
6206 3356
7809 9027
9294 8205
9292 4720
8150 3671
8742 9005
675 4243
9256 7750
610 6897
8317 8836
8552 6620
7551 4846
9270 5839
6402 7519
6265 4429
5 5413
3044 4223
4022 7663
8597 9062
8772 9338
474 4301
4874 2472
8800 8229
3146 1780
866 3994
6680 7715
9074 737
1328 7207
2882 4758
3894 6903
1305 1231
5119 2990
4586 8984
6753 5935
2480 5609
1695 2478
1104 3424
3034 6531
2702 2178
6522 5991
924 465
7296 947
4514 5152
8562 659
6763 1246
9014 3924
1956 3563
5898 8261
8540 8764
1206 4097
3166 8033
6006 6137
7395 123
9113 5982
4502 4508
8436 7815
5502 179
9314 8839
8262 774
1940 8150
3348 5518
7046 6154
8127 5598
1537 752
4662 7681
1511 4477
1195 2318
9133 4162
3048 7979
6554 3149
4643 6668
5824 4611
3364 738
3094 3240
3994 4937
279 828
9137 787
6184 2254
1185 727
9187 72
586 4829
6455 2323
1811 280
2284 3973
9697 8960
4040 251
6710 5566
1899 322
9524 7402
6776 6214
1252 1786
1395 6126
7927 8336
7071 6948
3949 7511
9564 1098
1214 4145
3719 5126
3982 4939
8717 9355
6095 4164
9672 9063
8277 6344
4449 7341
4150 1653
2065 9513
2328 6849
167 7158
376 2062
8693 5025
3172 7533
8193 9306
5341 2674
5723 7509
7925 8296
4803 270
362 3942
8573 6912
7356 2599
5911 5101
5671 6918
1483 8915
3084 7624
2437 3833
6643 7319
2954 7406
9663 1351
3761 5098
9117 6837
4862 2555
5040 2569
7247 2716
7646 7035
4866 3564
4823 1370
6301 4734
6846 7938
7723 2678
3705 8816
1491 3355
4974 6606
3758 1497
3331 6121
8092 8535
2899 9359
4148 5494
8006 9410
8598 8789
7470 8851
1973 492
2022 742
56 7292
1743 3648
3173 7886
7189 6329
2628 8092
8063 9499
6711 9341
1453 5901
8201 3951
8729 8062
9576 1813
513 4405
9665 2017
390 5109
6913 6494
8477 6017
1437 3067
1596 3088
5817 5111
5407 1832
805 6568
7846 7515
5252 7143
6724 1455
8225 2582
9472 1864
3021 8314
2471 4432
861 2989
3716 3417
6118 5786
2821 4325
7750 6727
8591 8128
210 1993
9188 2744
1755 6526
4921 1465
5897 6999
8605 5807
7718 7931
1015 204
7221 6621
3081 8123
5221 8571
7873 97
9625 2186
4687 6384
9466 1482
5674 5917
4549 1892
737 9035
8753 6612
3968 7411
4958 943
917 4962
1145 6860
6567 8853
649 850
3090 8431
5971 7795
4813 4669
9125 5720
8932 5652
3295 1484
3175 6760
7396 2717
9478 7983
3931 5535
702 9451
9544 5774
8349 1505
2535 2631
5244 5977
2349 2562
8794 5361
6810 7074
8999 4149
543 4112
7338 2958
1134 1745
5074 6066
9409 9484
9404 9117
1085 6604
4466 6504
7710 181
6116 5043
8312 3795
2924 8104
7953 6925
8268 7808
6870 5541
6192 1448
6683 5139
7099 5913
8683 695
6220 4095
551 5016
6154 3492
4850 3624
2300 93
5185 7244
8950 3401
6605 2153
9238 5278
1824 8412
3481 4831
276 3769
4541 4201
6224 5183
7035 8893
269 592
6514 5341
9433 3459
2537 7460
3756 4286
8734 8460
6248 143
7903 6476
8728 9175
2948 8744
3845 3700
9009 2259
7613 635
2568 5841
4760 9250
8174 7694
6017 8702
5117 5277
7443 4425
7808 3056
4342 2072
8402 6960
5207 9230
7700 1457
9129 6422
585 4739
1037 2268
3374 7391
6323 6361
6382 1818
8679 8473
1972 3435
2985 2429
4297 4023
3644 5314
5386 1760
0 1030
8994 4484
5646 6933
7675 3694
2317 8986
4845 2795
4765 1140
9653 3489
9138 8361
8288 9042
5161 3000
7473 126
2520 783
6505 7935
1210 2606
5189 3785
1958 404
6249 674
2329 2781
199 5858
1428 2791
5370 6128
5413 8018
7376 6832
1542 264
2795 4329
9328 5918
7811 8171
9359 8633
8049 7265
7137 3038
7524 4737
1845 6940
9398 1181
8538 3747
663 1156
2781 389
9308 3432
9442 7015
1408 5513
6512 3667
7735 227
8248 8312
4386 6414
7232 7462
5019 4675
9476 5161
5395 7271
1014 6021
9678 6397
7222 5340
1799 5814
5740 1174
2287 4061
6018 3185
3115 4898
8804 5439
459 2067
8107 4341
7618 682
3857 681
3851 6770
1545 2096
3494 4519
1786 5685
748 4921
9543 8626
9652 8445
1699 7077
4940 221
1866 2600
9180 6307
3531 2355
2624 2812
6267 8664
9307 1195
3888 7629
728 8022
1272 1307
8316 6722
3513 4970
5638 5988
8948 7104
7670 3736
3922 9034
4867 8726
2009 1690
7634 8226
9463 5216
7518 6747
8465 6354
3121 9406
7093 881
2646 7276
7326 6869
8774 3677
8705 4580
9558 6744
3195 2031
5417 3405
1548 3962
8618 8040
9704 6460
5599 8558
2871 6992
2474 7093
785 3281
6693 7272
3759 6965
4090 8459
3544 8919
3036 7233
7129 1614
8878 8564
8138 4494
3141 9138
1433 3846
6579 7113
7496 2938
5545 1531
8673 8931
2259 2720
57 8528
4010 5064
8646 9107
6657 6797
9166 8323
6459 6752
404 2180
4304 328
2043 6404
8233 2746
7233 6110
7147 9445
3230 9452
7706 2509
7635 8701
6700 7282
727 4573
2228 8512
4033 2853
1707 7366
8086 4217
4618 930
476 2169
5602 1472
5049 1695
7639 1168
8770 4337
6097 7286
1838 2824
9121 6807
2240 7997
5636 2272
6124 2657
1928 1399
6933 3790
8250 7080
3581 5773
2742 1660
242 1089
2695 7058
5459 5019
4571 5432
7594 9059
7249 4537
5846 6438
5280 8259
1365 3986
9240 8763
4319 1833
364 2409
1954 6473
8437 3302
2124 5650
9234 1111
8066 9496
1852 6233
5004 2030
7878 2992
433 5894
5760 3442
5371 4908
2679 5847
6601 2529
8194 8010
651 8080
3073 8332
710 3575
4547 8308
5627 5949
5763 421
9608 5444
6430 3586
4045 3744
9349 7865
3650 1755
209 445
607 5316
1505 1241
6983 1207
8356 678
740 1084
5355 8905
6277 1592
5566 2825
193 2973
5714 3539
5600 901
5690 6270
623 2249
9509 136
3953 439
3527 9472
7653 2587
1621 5933
668 676
4471 2637
1282 666
3928 7296
359 466
9579 4674
6812 536
9343 6509
1961 8463
3721 4777
8126 7480
5554 117
173 2545
6695 7941
8327 1648
7114 8366
981 3527
8622 2866
5841 6966
2904 7346
2845 996
9264 6401
3961 7707
2951 2655
4034 8415
2004 5759
5944 3603
8258 5834
5668 1907
9656 8210
6082 4632
1157 5878
3311 8006
5637 3507
5559 5414
8324 4791
8608 1312
5870 1952
2052 226
9005 5119
9487 7903
5908 6456
6051 8068
6281 7879
3635 5197
2327 7948
825 4153
1652 2110
6404 1236
6882 2095
3068 8627
4272 2039
6076 9012
7520 7765
8792 4018
4924 7517
8321 1673
7617 4165
7532 7379
5907 2778
1063 3777
9046 7134
2429 212
4538 8435
6994 4987
7836 5224
6350 5687
3899 1933
5575 4131
4992 7792
3432 2653
7062 4950
6991 6457
4109 3033
2077 4751
6808 4163
6958 9270
6987 7136
1790 6165
6299 3070
7180 8294
2468 1954
2086 86
3491 5846
1540 5057
5054 8488
240 106
5135 5325
992 7392
1795 6071
6924 2578
307 401
5442 2847
5516 5039
9374 8674
7954 6570
4110 459
4786 7053
7986 3484
8849 5701
751 320
1803 8792
3226 8483
7963 4668
4641 7701
7248 8976
8298 6056
7682 6645
5446 3372
6884 2053
1072 4263
7749 6219
288 3855
4364 1666
1651 3553
6952 4748
9327 2322
8939 8248
1340 2010
3873 482
7250 8882
1880 3085
5914 3309
5356 3814
7158 8812
5364 5845
301 3856
3584 6351
4107 4083
3737 382
1613 596
8677 8331
1326 8705
964 1980
7589 8730
6274 2440
5576 6638
7479 4856
1088 4617
3585 3903
4936 7950
93 23
2668 4416
922 772
1520 3307
8893 3025
7841 7675
2158 3796
6880 170
5675 3669
6403 4360
6296 5482
2194 8585
5039 2869
3439 6261
5588 4862
3563 6263
3937 9
510 4019
7255 865
7804 3542
6874 6527
6439 9460
7090 1424
1959 9468
990 2445
2149 2358
2977 4614
3735 2446
803 5827
8065 6652
3456 1588
2311 1604
6466 5223
3466 7465
826 2089
7880 8542
6226 8685
7799 6972
2759 2786
6170 7535
1017 6363
6675 6138
7306 2758
2396 501
2950 7374
2344 1143
3575 1744
3738 424
5311 6433
8978 1228
9042 3502
5136 6091
6349 6251
7869 7594
6855 7771
2201 2351
1761 1432
2867 6947
4894 3205
502 2684
8259 2269
6340 4048
9091 8815
979 2044
3984 7945
6504 4483
7946 3473
1527 3290
638 5287
2565 2398
575 3891
6448 5993
5495 9434
1891 5974
1180 4010
688 6811
2221 3972
3811 2362
5334 6356
2161 9236
4612 1066
1898 3782
1693 8083
6487 2844
2963 6993
9416 5086
1351 5299
1814 281
1712 4384
8568 2009
5199 8063
4729 6130
595 2741
1038 2997
8632 5265
4849 5927
682 7133
112 707
1780 3198
9273 3772
2953 7606
8110 2771
2175 2320
2778 6886
3889 1366
8121 8951
9334 4798
3951 419
1209 795
1254 2134
6409 2539
5257 5095
1356 2630
5615 6896
7805 7774
9265 951
7329 7623
4046 3720
2851 6400
6054 8964
4802 3059
8419 5066
1201 986
2889 8563
2999 6199
1731 8191
9229 5488
9664 4293
2559 611
117 2993
9539 2108
7527 6100
8534 6512
9368 7501
2003 6345
6410 9318
625 8167
7298 59
1241 3516
8733 3836
4482 3430
6247 5755
5810 6924
8615 7691
627 907
5184 5596
6608 4700
4030 9185
1589 7071
5819 4080
3590 7111
9650 6132
560 340
8900 2922
809 7141
2641 7518
7645 4825
2599 3758
5226 9057
3768 7432
6057 5291
3594 252
1568 9008
4485 302
1733 2618
2189 7872
5784 4805
9175 1766
7571 8740
8485 7805
1162 7424
4009 3224
934 625
1289 8848
7517 3908
6129 7923
2440 1712
3744 1302
3032 624
9535 4099
5818 6719
7971 9453
7769 8098
8156 9399
9557 7477
256 5634
2683 5957
9698 6881
4714 8255
2771 4593
2541 2727
3001 6241
739 4414
2146 5956
6677 8169
909 7696
6035 2436
2726 383
1624 5388
6962 8074
2024 5627
8847 7870
4209 4426
5788 3110
2015 7476
4684 3981
6931 7810
3691 6183
3328 5825
8478 4289
9151 6215
3341 4480
2524 593
4363 2761
8184 4445
77 649
2409 5709
829 2983
8111 3262
5251 8937
5994 5514
758 1746
5686 6706
2774 4663
4679 4073
853 1175
7728 2890
5183 8322
1149 450
2860 4953
2325 6764
784 868
8700 8745
3959 7821
3043 8367
801 3789
8073 7647
2514 2415
2911 3371
9522 6093
3416 7871
8491 7385
4605 718
7278 5710
2289 4244
1177 4645
1081 9048
9367 7203
7996 8371
2200 9463
6878 8446
6201 3440
2692 1178
7438 8855
5993 7160
454 830
4341 1546
4745 3953
893 5398
5338 2760
9141 7057
5296 5441
1480 3566
9382 5614
5672 9188
1462 5426
5574 6984
4775 4339
3831 7947
2840 1613
348 7067
1549 5274
7028 3880
530 5718
8818 5717
4426 8588
715 2718
6363 589
134 1579
4179 7123
5768 8616
2405 103
3260 7744
4911 3770
4037 7851
3369 9040
8737 8625
328 5630
5567 5106
4460 3506
6207 9155
4098 6528
9051 9344
983 8381
8979 175
8115 5185
6027 7781
782 8505
522 1447
9227 1038
8515 4742
1016 260
8387 3058
499 557
4865 386
4335 4077
9029 1398
701 1093
6233 1137
5254 398
5527 8182
3286 5863
5614 6049
69 1326
3720 7362
3892 6222
3814 4312
3012 8401
2711 1671
375 5302
8852 6139
5677 4782
6965 7589
4402 4278
6676 7060
6741 5339
6852 2389
3239 4410
6703 8283
338 2692
677 7989
918 191
9257 7072
9577 5150
9179 5731
7271 6189
8803 7325
6342 7928
6445 2396
1271 6884
3254 2968
2805 8021
3995 6122
590 2535
5537 5587
6305 3097
114 5986
2061 3121
7315 7172
2309 946
3450 7223
7319 8621
8433 8270
6127 7206
873 4549
2404 115
180 2184
3453 1367
2544 5208
2395 5046
5333 2207
2463 2001
3774 1396
3140 6750
4207 5261
1560 2138
634 2797
5106 9077
9068 6355
9511 5371
4674 3974
374 3617
5667 6453
7660 8351
4480 3119
5587 4603
5781 457
9405 7302
1728 5345
9062 4295
8468 6565
5388 8538
2629 619
1174 5163
5903 2553
6163 6478
9598 2928
6488 4512
3965 7337
8533 6596
2681 7308
3102 9495
1298 1155
9426 6780
7380 4635
2190 863
5463 3454
9618 1427
8099 7800
5540 8727
8967 7784
4382 5166
745 355
620 4266
5717 5130
9525 1618
5856 8527
1493 9298
3546 5932
4583 9365
5245 7995
3185 5881
2664 6669
8982 6440
5344 6997
9526 1804
1603 9089
3803 5307
8240 8772
7507 8599
7466 7943
7664 7541
5437 9179
3713 4493
7219 5240
2230 4136
1118 1265
7824 8703
6938 5669
7176 5823
854 44
5073 3032
1119 1008
1655 390
4423 189
767 4385
2984 9362
473 5457
4180 1793
3725 5491
4756 3501
3423 6007
3256 147
1066 2532
82 5647
4668 2043
6413 7256
4210 6530
3078 6506
750 6145
7698 8933
4222 8710
8817 876
885 9194
7987 9206
3972 8940
2801 2399
6650 5662
4579 3820
8785 8801
6960 2819
4893 9504
975 426
9684 6339
2990 1716
6707 3014
4872 3868
1955 545
4789 7576
9353 1985
5578 2676
350 2382
1113 3127
391 1276
8917 4567
4232 1679
4290 8265
7194 9324
4007 8124
4941 1454
5253 5962
4636 1835
2672 7289
4567 4354
7455 2118
2085 3156
9345 1362
4506 4307
3016 4287
4205 5222
3156 8486
6746 1778
764 1768
2677 3282
8169 7575
6606 2575
5641 1411
6093 2557
8334 8952
633 1522
5876 2520
3067 538
1646 5458
7918 1272
4241 7578
1039 4909
9491 3286
1219 4458
373 3063
831 861
4462 5077
4313 3699
3280 8639
3692 6629
453 831
3235 2832
8229 3838
8032 7420
8346 8844
7970 7838
4326 6232
2791 4542
7256 4845
7782 9210
712 2933
5918 8593
8374 7453
35 1656
9032 7196
4089 1212
5651 1085
3559 1145
8046 8907
7472 1872
8582 3365
1167 3786
942 1079
7610 141
5639 8722
7019 1827
3437 6492
9632 8790
2082 6320
1394 3569
7157 5578
3191 9443
9165 2413
2109 9065
4302 5167
1820 4697
3988 7888
3114 6059
6479 6048
7739 9239
5802 735
1364 4577
1895 6613
4878 2627
972 3265
5114 8025
1200 3467
639 2985
1539 2289
1439 1986
5305 3496
4103 5504
7704 7779
145 3340
1982 4500
8542 1198
9501 3734
294 3132
6341 8039
9004 3509
6098 6827
3863 6182
946 2338
4815 7455
3340 8606
3855 9299
1070 1382
1492 7002
9321 1816
5258 8468
3460 343
8464 7090
632 5040
5186 7908
7695 6406
129 6218
5829 1324
2609 4560
7625 7699
5964 1819
7499 1756
8812 31
5288 2460
8130 8515
4814 8452
6762 7605
185 816
9319 9304
4461 9276
3710 1350
1288 3494
1510 5784
8830 935
4627 8728
7465 3589
1360 552
2343 751
85 953
6997 4107
9066 8429
8035 2213
8286 6390
2893 8485
9642 771
2917 286
8412 6068
9104 2084
8375 5456
2115 4648
2412 8096
1121 6659
988 9400
2810 5909
4960 5189
6799 9364
5673 6365
2754 4744
641 1269
5626 480
3317 1344
2421 6943
1117 3002
2614 3326
572 1088
1129 513
1283 2570
5122 7336
250 2969
7218 7459
8383 5366
5399 8084
285 3733
8494 6196
855 3228
3533 2282
2607 2611
2237 5673
1223 5320
6959 4464
1665 7255
8486 8754
9592 2246
4572 1909
7523 2851
1991 7438
6053 3606
2640 5796
3390 254
1478 5628
3798 722
8005 1540
9687 4766
1097 4012
2545 5635
6702 4803
2656 8860
9440 4441
8532 9235
8241 9301
3465 9384
1557 1083
587 2002
5174 6968
3092 6288
258 8094
9342 8245
5408 7867
4361 1144
6450 941
2731 4968
736 1288
1713 6634
1143 4026
1864 2548
356 2490
9299 7940
6454 7747
6143 4422
4151 3837
1385 2150
5657 7883
8482 1314
1292 5002
3411 8373
2901 3386
4175 1199
1171 7215
7344 1096
2103 8474
3028 1860
451 6317
7210 6576
2435 138
7761 2896
7125 8180
1446 5035
5986 586
2736 4967
4649 2253
1876 3854
744 4427
410 2016
717 437
9357 8733
7446 5364
6905 1858
1286 5434
6198 4551
1058 2935
8000 6360
5660 5783
7467 3913
6611 7963
5468 5501
8212 2309
8541 8242
1274 1810
5733 7086
7914 4491
951 4809
746 6237
7671 6835
8846 9136
5380 425
8273 5021
2777 9137
674 1533
4601 3916
4864 9311
8757 990
3234 8075
9669 726
1711 7230
4401 4990
1036 4247
9394 4789
2123 6985
6275 1924
2151 5900
1968 5819
9136 4257
9026 7120
8885 8906
3643 4907
7505 9358
9599 8411
4475 4340
3274 796
6178 3799
6979 113
9082 261
7881 6742
2313 9300
7201 5969
5450 6583
2203 5676
1193 1315
4730 3818
605 1937
6684 4656
2081 5943
8318 3329
8255 2937
3572 4148
1970 2593
95 800
7817 3937
6586 9438
4861 5114
3788 1124
9621 7969
9312 9009
4064 6600
9571 6873
9572 6153
6509 5523
545 2459
9158 4485
6992 670
4953 4486
4086 1438
6515 2888
2757 357
9067 7485
4162 2217
7900 605
7938 6333
4303 5269
3279 561
111 8275
4043 6099
4522 3086
7244 5657
8041 5740
2819 2127
6569 8869
3276 8141
6205 3415
9320 1849
5826 2470
7623 870
4908 2924
7568 1723
7731 3964
8467 9196
8223 9163
1673 2994
4750 6553
9493 7063
7005 9423
8572 5136
2713 3425
3158 5178
8603 807
5166 2332
4174 8273
3157 9252
4691 6756
1176 1680
3690 1045
1059 1429
417 202
8628 9493
7908 8644
779 9420
4153 1725
3518 2411
7859 896
5217 7205
2507 5196
4028 6546
6005 7280
596 4333
8251 1056
4617 1106
4537 5356
232 4817
9222 5938
6854 4283
3261 8109
2724 6864
7562 2306
4076 9242
6214 5862
3231 2980
5427 5322
8584 6498
67 5447
7600 6178
6010 5068
743 6521
263 1176
4490 3861
7111 640
2373 1173
6269 1298
7475 3650
7358 8266
9013 3406
6945 3571
5874 4699
1985 5103
3740 1997
267 6298
3890 7512
223 4103
4629 8440
8226 6794
1278 515
4663 2560
3387 6979
528 7252
8284 6060
5058 1752
870 3252
7975 1639
2632 3934
9533 5375
2462 9415
4371 8881
1967 3907
4536 4692
9415 1377
2393 3897
5430 4199
4068 5904
1902 4906
5815 7656
9498 7848
2613 518
2336 3991
3223 8200
1947 8850
156 6264
7911 5430
6092 4844
8660 5859
8 420
5315 7659
7566 9466
2163 1732
552 1293
3125 7827
4699 2443
3619 9017
9458 507
411 5745
1662 4046
8823 3966
6527 2170
4127 5290
2369 6358
5261 7929
4758 1048
1362 3306
3441 27
8106 7566
4808 2171
5949 8566
4968 8939
4152 9142
5406 5455
9573 326
8968 7504
9457 2223
5796 5952
3640 1657
9255 6667
5596 7492
9690 8654
4840 4470
6845 5838
429 805
8940 9122
8966 8773
6705 7858
6379 2060
9168 2679
7357 3505
4445 8469
7025 9331
8042 2425
1865 7664
7474 8359
6535 4468
9153 7942
5871 5929
3252 8637
3639 672
2359 5381
4630 6579
6133 6227
3069 9104
9306 7006
8989 3984
8629 9392
7314 3249
5977 341
9383 7038
6807 7189
708 394
2272 6434
1389 7413
5727 9147
4694 5992
8372 7316
342 5852
8891 6633
7435 1718
957 842
3124 353
8160 3635
3642 5919
8175 4597
7772 8162
1639 3882
5192 1206
1561 121
6255 3988
2407 1719
6237 3414
3623 4679
6902 758
7444 6168
6821 4049
4486 1706
4257 8820
9589 6479
6384 3976
7668 2107
5369 5557
678 1510
9329 1973
8894 3211
9682 1059
5055 3338
9053 1617
3736 4079
2853 891
7850 7457
1061 7713
4016 3410
7183 2407
7537 7895
2479 7153
6396 6923
5541 1612
1813 5998
4966 5258
5534 236
1246 4
1488 7505
1299 4125
6723 2267
5180 7926
1064 8479
2233 801
788 6846
248 1105
8663 9010
1605 2948
198 573
6112 6967
133 1295
1669 7860
5392 3698
3824 2165
1926 7448
8949 7239
2171 6691
6806 8598
8630 7625
3379 4497
4962 4877
363 575
5722 4375
1635 4848
777 405
982 415
2299 6640
270 2360
6290 9393
4080 8225
1026 1739
1172 612
716 7177
1260 4021
9601 4031
9022 7018
2996 5193
189 2889
9454 4851
3057 7277
4261 4602
4456 8875
1321 4884
8132 3697
2927 7907
141 1847
2323 8536
2675 7461
790 4338
6376 4281
4835 720
3327 7311
2223 5808
6747 2796
7794 8126
2076 3886
7313 7653
7307 6538
6617 2301
1250 2116
6872 7175
7912 4373
8936 2435
9528 3158
7291 6707
940 4810
4693 3325
4774 9417
6637 2270
5309 6084
6400 2105
224 257
3664 1328
5020 6704
7076 6195
7834 940
8473 3644
8208 1570
4914 2187
3214 6259
3911 7904
1178 2005
2905 4579
8395 2891
1543 7102
3669 775
3035 2734
1042 5870
4843 300
154 4991
1451 1495
2635 570
9636 8247
8497 7356
4220 9455
7788 2013
5239 2918
4523 400
7759 8344
3600 8368
7405 9153
818 493
910 1363
4052 7751
4133 5332
7847 7251
9008 7654
9215 3251
1330 3889
3678 4335
6422 5445
8221 6686
6358 7636
8706 9223
3810 4058
691 2137
9375 1226
254 4705
382 8520
6730 4032
1001 687
7024 5636
3617 1483
3018 1075
4452 5712
9318 1728
1816 4221
565 819
5879 2152
1452 2059
305 5155
7361 7877
6603 4655
9120 6582
9422 3541
7103 3383
9112 6769
489 2143
1723 6751
5010 2515
8626 4951
3455 7683
6566 4450
4869 452
1586 556
1643 8846
9098 5346
711 6929
8910 7896
2758 1223
2292 24
7806 3625
4556 6575
822 1784
2735 6569
1013 6162
8002 7782
1725 6931
9547 6346
2959 7673
7257 4713
7107 1773
5767 3591
5211 7557
2848 6428
4961 9181
5735 5752
9031 7978
7451 5255
7958 7433
6139 7718
6464 4889
464 4214
7598 3299
6166 4082
4713 4858
2156 5403
9076 2379
815 4796
2869 4911
2266 8252
3743 5946
4593 5011
4918 7495
8469 2929
6104 7418
1935 6616
2210 3538
4994 3672
8592 496
6546 1646
9562 1945
5744 5832
1749 1064
6973 4123
6278 3562
5023 3487
6775 4066
8171 4801
2550 1879
2933 6841
4761 3532
9289 1641
9556 7301
7904 8357
6734 5117
4292 1707
3933 8502
403 2352
9205 1682
20 4896
3204 225
1910 5503
5052 241
6123 4610
87 571
3905 2231
8119 8837
2362 1851
4183 1054
2064 176
6322 1440
3786 6804
8163 8236
3932 6058
7855 9260
3841 3301
5905 6870
4283 3229
5347 8154
4749 5613
5803 7171
5731 6065
5589 8389
2267 2154
336 1306
6613 1683
3993 4701
6256 9429
6211 6974
5721 7353
3302 7617
4248 3247
3946 6535
2704 7796
8279 7804
70 4269
5785 8209
3801 7727
7092 3423
2091 2021
33 449
9065 6646
6974 9430
6001 5003
5358 5911
4455 8643
9701 7019
2943 9405
919 5367
2836 7728
8944 6105
4424 3115
314 1987
6011 7014
6627 7220
3027 3824
3677 4729
4965 5165
6155 9424
5465 2503
4661 9439
6486 6961
4315 2283
8085 9404
461 4945
7082 3167
1077 6863
3101 5887
6727 6109
3579 5848
844 2751
444 1949
3927 8423
6457 3793
7538 9413
4305 3768
503 3827
49 5960
1435 3078
3893 6677
6359 6481
856 2313
7919 7640
84 331
2789 7498
5862 7081
4870 7692
1418 9467
9173 3714
483 4783
9147 5804
212 471
4474 6112
5320 4224
1296 6602
3628 8267
2206 1734
5411 6754
4705 4891
8834 8631
3840 6386
517 3190
3468 4127
6361 4157
4804 8329
5609 2673
8617 3546
8474 4415
8023 9227
598 2342
6428 9085
4698 3940
6244 4594
5188 6116
172 3980
903 1902
8053 348
5952 5380
6682 4259
9316 7738
5770 4069
2072 1874
5711 8514
406 1960
3192 4120
1316 2450
8425 1325
7187 4507
3632 3418
1436 6786
4557 6581
8263 967
1914 3455
8186 6367
1746 4837
8930 3153
6972 7852
2876 2271
1664 653
6385 3652
6669 15
1556 3106
1579 3521
178 2421
4346 2947
7190 3080
2890 2755
6287 6525
8575 7843
4709 4686
8957 1696
5093 8945
7301 5096
3219 6838
9224 6312
6728 5908
2531 3524
4711 8320
42 1594
6144 7139
4973 4793
1368 961
3366 7487
3404 4955
4059 5387
6193 6223
5077 6548
5786 2100
7404 7880
4269 6684
1903 3183
2484 4996
3526 9038
3283 1882
9242 3107
3695 5394
2526 8291
8918 5987
3088 5397
4041 1687
7569 470
8657 6995
6 454
8518 8305
5143 7909
3742 1256
1308 2613
3424 5045
3462 7988
6576 9044
6798 2401
4085 4838
3772 3471
2560 4020
8456 3140
1753 8281
8339 4463
1128 543
9689 7350
4470 5502
3773 6111
1612 2757
5138 7766
8974 1104
2630 2621
3895 5100
8682 6283
6472 5321
2376 7332
523 6636
463 2701
7391 6587
2697 3840
6288 8204
7174 9229
7935 478
9593 2972
5131 6455
8914 3421
1114 7297
1960 9447
2352 5495
3571 5478
9436 1215
1810 3860
1444 7108
5953 5044
7792 7597
7351 8492
8658 5835
2957 5250
5956 1777
4015 610
3200 7544
6583 9207
9594 3179
8152 1183
2385 2380
3980 3792
4481 6225
53 2080
8214 7084
7757 2857
9479 8888
2501 7437
3047 6516
8161 5809
7942 6197
580 3390
6452 3027
2493 792
7753 8743
6421 2298
7764 8995
2006 1563
8309 6057
277 814
3353 6402
6654 6253
568 5800
4548 8137
6720 6201
2390 1779
9408 3512
2417 8547
9531 3803
7439 3811
8498 8433
3566 3651
535 1470
7419 9189
7426 3438
4352 5062
9302 1011
5798 7335
6861 1026
4634 8176
6330 3089
1268 8482
8554 8476
6223 5008
8599 8238
8701 7376
6895 8393
6203 7503
6477 8042
6222 8663
7760 8589
5072 4618
2979 5989
4652 1095
1819 6857
6189 6501
6696 2214
4781 5382
6332 5603
2451 7046
9339 3264
9331 5983
8363 2641
5984 2302
2046 8540
6283 7667
6947 2764
8951 6980
7285 7836
1238 80
6926 134
1818 7389
3313 2625
8963 4154
6615 7464
1279 8105
9534 8612
1578 8193
3771 7486
9155 5246
8488 4366
3498 6216
4274 7555
6405 1237
4746 1971
3406 4124
4047 5853
7034 6954
9377 8122
195 8497
6980 4975
9011 5538
8997 6418
6752 8660
5273 8938
3512 8020
4115 3335
4895 4408
2682 8863
3 1193
8806 5024
158 6381
8385 9161
996 1010
7454 8969
6936 2480
6197 3377
9413 2046
1133 2233
6715 7748
1142 2366
9585 192
7744 4395
6408 8847
8280 7990
120 1209
6633 5754
1249 563
7678 9095
9595 4936
7209 4001
9502 5363
3187 5732
308 662
2087 295
5794 1450
8923 3366
6829 2240
7586 145
6803 542
5925 2767
4561 5546
1569 434
3567 8689
5423 7898
7393 4401
8484 8276
1438 2559
4915 7029
9017 9026
7666 3073
3706 3475
9128 2248
508 4839
442 4185
3263 5970
3407 4040
6841 2675
1497 3869
8069 9408
9315 825
2079 5005
4780 2148
3454 1356
4919 6885
4340 3660
1409 5792
1854 1610
2020 2552
5684 6871
950 2530
3954 7665
7898 1408
3825 6721
3517 1426
8164 2346
1843 8037
8245 8603
2617 7921
7605 2019
4848 124
9131 8338
7392 9290
4518 285
7883 6173
8692 7847
6777 8896
9094 4826
4171 3919
1997 9379
487 633
7066 1691
7867 4209
8716 696
4688 4899
3051 5030
5933 2142
9097 5892
7628 2188
4479 6813
7236 5966
1980 2337
4633 4041
3433 3645
4225 8179
9560 4135
4478 1634
5432 2706
1923 2542
5848 5750
7227 6095
2262 5118
2489 1220
7461 8781
2236 329
6284 7381
1486 8175
2846 1112
7960 1549
6646 2884
5987 6387
9587 1233
6142 9159
6169 6247
3866 1517
8761 5548
8619 271
7166 2293
9282 8264
5043 4638
5951 5172
5921 6321
7235 9170
4930 5421
4881 2639
6551 6824
8376 308
266 3316
2538 7313
6850 804
8604 8112
8509 9051
9197 8118
3708 293
3072 4820
2576 2516
3749 5293
544 520
6770 7028
3426 2549
5909 3214
8341 1266
4196 5641
1806 6262
7240 1500
1046 1353
9549 2981
369 2287
5549 6249
5891 4383
2956 4466
8964 8178
2017 2610
2593 4246
8394 8009
8558 3275
1944 468
7828 7697
5712 4456
3492 7430
6911 9249
1212 1951
8840 7616
685 6649
6200 1364
6453 3830
8272 8572
5337 4684
3734 989
8956 6388
5884 2787
1571 2910
9486 3029
5324 4017
2477 5654
7223 5836
896 4961
8732 9199
506 2000
2049 7548
1213 7482
5262 6212
3022 1878
811 7536
5134 5833
9048 5270
7029 6851
8962 8880
9646 5691
6390 8339
8147 5192
2398 3845
2187 9180
4440 566
3685 8723
3862 1419
4728 8031
467 1074
1692 7126
3024 663
2618 2263
6294 4303
7983 4110
3651 7399
2433 1487
6491 3253
5121 3776
679 6932
1534 4258
1425 4202
229 1445
5937 9377
6432 859
3595 7321
5928 7383
4102 5926
3009 5893
4223 6554
6722 6464
8030 8138
8381 1830
2428 3342
4484 8130
5385 1738
2083 1430
